# Results of winding number sector (0,0) 
-160.531801290000 0.996695282566
-160.531800965257 0.996695296603
-130.803824856719 0.807406625660
-130.799917225467 0.807523413173
-130.709053940225 0.808045921114
-130.709053940225 0.808045921114
-130.707159622532 0.808102866283
-130.707159622532 0.808102866283
-130.609855739413 0.808535905000
-130.605679286087 0.808664129518
-130.552776062065 0.808960635510
-130.552776062065 0.808960635510
-130.550761204447 0.809022730700
-130.550761204446 0.809022730700
-130.530985249391 0.809210707574
-130.530985249391 0.809210707574
-130.530975905432 0.809210961958
-130.530975905432 0.809210961958
-130.466238863476 0.809591425332
-130.466238863476 0.809591425332
-130.466225728841 0.809591842089
-130.466225728841 0.809591842089
-130.465390872154 0.809606829992
-130.465312776890 0.809609225886
-130.451054187651 0.809702822607
-130.451054187651 0.809702822607
-130.450992882747 0.809704704791
-130.450992882747 0.809704704791
-130.423511046475 0.809874027770
-130.423511046475 0.809874027770
-130.423449453224 0.809875922381
-130.423449453224 0.809875922381
-130.399388684994 0.810011061950
-130.399309786612 0.810013492417
-123.784024615033 0.748558252216
-123.781899861485 0.748612205361
-123.511754165358 0.748470118845
-123.511754165358 0.748470118845
-123.510357804525 0.748504229586
-123.510357804525 0.748504229586
-122.732147026669 0.748405936170
-122.732147026669 0.748405936170
-122.731748575607 0.748414434870
-122.731748575607 0.748414434870
-122.002742974748 0.750423840174
-121.999220505587 0.750496419475
-121.914188716949 0.749922453962
-121.914188716949 0.749922453962
-121.911630309098 0.749974942696
-121.911630309098 0.749974942696
-121.626708922711 0.748788914452
-121.626708922711 0.748788914452
-121.625749501966 0.748807908194
-121.625749501966 0.748807908194
-121.569982973530 0.748517370962
-121.569982973530 0.748517370962
-121.569894914379 0.748518920794
-121.569894914379 0.748518920794
-121.108597164429 0.747838693998
-121.108597164429 0.747838693998
-121.108318691880 0.747843797786
-121.108318691880 0.747843797786
-120.463210259374 0.747147586652
-120.463200602988 0.747147881789
-120.456739447165 0.747174552135
-120.456541837447 0.747178271698
-120.363812081150 0.747757311743
-120.363812081150 0.747757311743
-120.363420695782 0.747764661512
-120.363420695782 0.747764661512
-120.298213181285 0.748158070053
-120.297772886050 0.748166275056
-120.264531590138 0.748372477907
-120.264521953806 0.748372772076
-120.179765968926 0.748851992032
-120.179765968925 0.748851992032
-120.178776171180 0.748869981018
-120.178776171180 0.748869981018
-120.174917725447 0.748898668549
-120.174675386378 0.748903139034
-120.001141340798 0.749852051838
-120.001141340798 0.749852051838
-119.999120875037 0.749887055530
-119.999120875037 0.749887055530
-119.928750627305 0.750239805368
-119.926208918653 0.750282832906
-119.568738806266 0.747946433661
-119.568738806266 0.747946433661
-119.568443689816 0.747951930206
-119.568443689816 0.747951930206
-118.936013153843 0.748300824479
-118.936013153843 0.748300824479
-118.935918255275 0.748302557686
-118.935918255275 0.748302557686
-118.843385725512 0.748231071032
-118.843385725512 0.748231071032
-118.842795351134 0.748241034769
-118.842795351134 0.748241034769
-118.343982813275 0.748407802276
-118.343982813275 0.748407802276
-118.343014678866 0.748422196860
-118.343014678866 0.748422196860
-118.166682754180 0.748461277410
-118.165555107612 0.748477120469
-117.891056226512 0.747686400881
-117.891056226512 0.747686400881
-117.890891919591 0.747688988254
-117.890891919591 0.747688988254
-117.217965388991 0.747100134912
-117.217965388991 0.747100134912
-117.217734474999 0.747103081765
-117.217734474999 0.747103081765
-116.986587601965 0.746857577274
-116.986336456663 0.746860396789
-110.243769343149 0.685849130360
-110.243381863466 0.685856229540
-110.241400379262 0.685886469144
-110.240814762699 0.685902365499
-110.240814762699 0.685902365499
-110.240596862931 0.685902239966
-110.240358920805 0.685911091590
-110.240358920805 0.685911091590
-110.239372966723 0.685928323759
-110.239372966723 0.685928323759
-110.238592603905 0.685943246688
-110.238592603905 0.685943246688
-110.234467810368 0.686014953681
-110.234467810368 0.686014953681
-110.233820795500 0.686027445974
-110.233820795500 0.686027445974
-110.233710074179 0.686035102127
-110.233710074179 0.686035102127
-110.233069306996 0.686047318945
-110.233069306996 0.686047318945
-110.228938215147 0.686121439504
-110.228938215147 0.686121439504
-110.228485181782 0.686130044857
-110.228485181782 0.686130044857
-110.227766113788 0.686141924740
-110.227377268117 0.686149082836
-110.226788479469 0.686161901462
-110.226788479469 0.686161901462
-110.226009254202 0.686176774982
-110.226009254202 0.686176774982
-110.225348275927 0.686188323578
-110.224552157795 0.686203764776
-102.415321543411 0.622047809383
-102.410308270185 0.622129491131
-102.318167496916 0.622901012604
-102.318167496916 0.622901012604
-102.315502660140 0.622945886269
-102.315502660140 0.622945886269
-102.216640300398 0.623899599186
-102.216409221169 0.623904145884
-102.105115775934 0.623626726144
-102.105115775934 0.623626726144
-102.103812815789 0.623646924830
-102.103812815789 0.623646924830
-102.095028323132 0.623589830640
-102.095028323132 0.623589830640
-102.093677325497 0.623610566072
-102.093677325497 0.623610566072
-102.077862135612 0.623898828071
-102.077862135612 0.623898828071
-102.077235314760 0.623903481141
-102.077235314760 0.623903481141
-102.064566636638 0.623910645579
-102.064566636638 0.623910645579
-102.063738910240 0.623920065347
-102.063738910240 0.623920065347
-101.771522412257 0.622668496196
-101.771464147458 0.622669414656
-101.695315248985 0.623167715061
-101.695315248985 0.623167715061
-101.694107099942 0.623198489795
-101.694107099942 0.623198489795
-101.602407734637 0.623977131680
-101.602357899305 0.623978491224
-101.536055189830 0.624211028642
-101.535870754710 0.624297216353
-101.535556929090 0.624220644016
-101.527081363094 0.624411876288
-101.527081363094 0.624411876288
-101.520977093180 0.624509902651
-101.520977093180 0.624509902651
-101.520584819824 0.624586542171
-100.893469814964 0.624211743438
-100.893469814964 0.624211743438
-100.888018171573 0.624326344627
-100.888018171573 0.624326344627
-100.885625364531 0.624112052676
-100.885625364531 0.624112052676
-100.881957377000 0.624140797520
-100.881957377000 0.624140797520
-100.871037629741 0.624482122774
-100.871037629741 0.624482122774
-100.865719505536 0.624590820210
-100.865719505536 0.624590820210
-100.859882293145 0.624418434039
-100.859882293145 0.624418434039
-100.854071454315 0.624551620495
-100.854071454315 0.624551620495
-100.796842244746 0.620307522279
-100.796399243750 0.620268491453
-100.737824069023 0.620377039383
-100.737824069023 0.620377039383
-100.736121264679 0.620456385928
-100.736121264679 0.620456385928
-100.715199713866 0.620776472511
-100.715199713866 0.620776472511
-100.703581326665 0.620869638920
-100.703581326665 0.620869638920
-100.675338629834 0.621418076253
-100.670529091376 0.620785254621
-100.664605012601 0.621322906902
-100.660116303640 0.621222883943
-100.660116303640 0.621222883943
-100.648468709386 0.620913525368
-100.615116026628 0.621611789794
-100.602696370895 0.621577819029
-100.602696370895 0.621577819029
-100.598741355766 0.621455384662
-100.598741355766 0.621455384662
-100.594934816052 0.621659626674
-100.577891047294 0.621472316347
-100.577891047294 0.621472316347
-100.575447532364 0.621543144312
-100.575447532364 0.621543144312
-100.563073677347 0.621888833573
-100.554156940261 0.621599496071
-100.553956163716 0.621603663928
-100.545606027808 0.621745226551
-100.545606027808 0.621745226551
-100.545494788886 0.621751913455
-100.545494788886 0.621751913455
-100.533351236643 0.621755612810
-100.533351236643 0.621755612810
-100.533323051639 0.621754317456
-100.533323051639 0.621754317456
-100.527838682535 0.621772044300
-100.527838682535 0.621772044300
-100.524251260716 0.622020912856
-100.509912744899 0.621748089976
-100.499625838327 0.622308109007
-100.499625838327 0.622308109007
-100.488568467584 0.622254768343
-100.488568467584 0.622254768343
-100.475132929048 0.622441344674
-100.472298965711 0.621993698012
-100.467697411036 0.622132366013
-100.461737056630 0.622175359633
-100.460086079020 0.622192723024
-100.460086079020 0.622192723024
-100.457957463555 0.622245258650
-100.457957463555 0.622245258650
-100.438930820622 0.622615304355
-100.433858326162 0.622326627800
-100.433858326162 0.622326627800
-100.433248803289 0.622338628595
-100.433248803289 0.622338628595
-100.401702795394 0.622550146390
-100.401702795394 0.622550146390
-100.401293380178 0.622559026516
-100.401293380178 0.622559026516
-100.387524955724 0.622647356115
-100.387048337408 0.622649095544
-100.373576804373 0.622669089730
-100.365788689903 0.622725134925
-100.351591074368 0.622820323655
-100.351091274224 0.622829886831
-100.350802703692 0.622816999740
-100.350802703692 0.622816999740
-100.350761617271 0.622817892960
-100.350761617271 0.622817892960
-100.327164765620 0.622976796532
-100.327164765620 0.622976796532
-100.326894535655 0.622982449335
-100.326894535655 0.622982449335
-100.313809675606 0.623048874816
-100.313809675606 0.623048874816
-100.312998799401 0.623061744791
-100.312998799401 0.623061744791
-100.294544825497 0.623178379160
-100.294544825497 0.623178379160
-100.294382108470 0.623181269750
-100.294382108470 0.623181269750
-100.285416669271 0.623232041373
-100.285416669271 0.623232041373
-100.285380204590 0.623232769271
-100.285380204590 0.623232769271
-100.279755556725 0.623261839945
-100.279755556725 0.623261839945
-100.279693051337 0.623262993187
-100.279693051337 0.623262993187
-100.273091867089 0.623307658220
-100.273034340500 0.623308746043
-100.270935339904 0.623317999116
-100.270775934193 0.623319120262
-100.105577531335 0.624075698503
-100.105577531335 0.624075698503
-100.101920562657 0.624085247366
-100.101920562657 0.624085247366
-100.071031647486 0.624500924526
-100.066947888400 0.624578015939
-100.066749613609 0.624581740728
-100.066728840228 0.624581679798
-100.066719745641 0.624582338873
-100.061676577043 0.624608239521
-100.059398013383 0.624629177587
-100.051172222482 0.624575765463
-100.033419956461 0.624946501589
-100.033419956461 0.624946501589
-100.026773644121 0.624970368895
-100.026773644121 0.624970368895
-99.461421824979 0.623091823491
-99.461421824979 0.623091823491
-99.460418320291 0.623100200416
-99.460418320291 0.623100200416
-99.401454635162 0.623773740286
-99.401454635162 0.623773740286
-99.400400085972 0.623782952050
-99.400400085972 0.623782952050
-99.394000107329 0.623721962069
-99.394000107329 0.623721962069
-99.392925156758 0.623731553896
-99.392925156758 0.623731553896
-99.334648881357 0.624394591381
-99.334648881357 0.624394591381
-99.333727292980 0.624400445611
-99.333727292980 0.624400445611
-98.858655888941 0.623491937851
-98.858609278297 0.623174887106
-98.858609278297 0.623174887106
-98.858597891136 0.623493201526
-98.858228020268 0.623181487946
-98.858228020268 0.623181487946
-98.838576320370 0.623176446785
-98.838558341134 0.623176802043
-98.780379912731 0.623526565699
-98.777593387665 0.623547765699
-98.726711394797 0.624138627138
-98.726711394797 0.624138627138
-98.725821884060 0.624140535501
-98.725821884060 0.624140535501
-98.695919687191 0.624353913655
-98.695570883175 0.624359632644
-98.473833371660 0.622820016663
-98.473833371660 0.622820016663
-98.473187237696 0.622881793013
-98.473187237696 0.622881793013
-98.473128518853 0.622827206606
-98.473128518853 0.622827206606
-98.472585290032 0.622887977943
-98.472585290031 0.622887977943
-98.406188072611 0.623483191293
-98.406188072611 0.623483191293
-98.405624293134 0.623489205542
-98.405624293134 0.623489205542
-98.405491247956 0.623446846860
-98.405491247956 0.623446846860
-98.404814383770 0.623453501587
-98.404814383770 0.623453501587
-98.339548581976 0.622345383068
-98.339374170832 0.622348688697
-98.296775992211 0.623098383538
-98.296775992211 0.623098383538
-98.296482578801 0.623098468965
-98.296482578801 0.623098468965
-98.260323766190 0.623715984114
-98.259429310054 0.623722123934
-93.020357971927 0.560995619157
-93.016277022252 0.560993485376
-92.992154068957 0.561132768562
-92.992154068957 0.561132768562
-92.991737601430 0.561136740619
-92.991737601430 0.561136740619
-92.985594388655 0.561491960382
-92.980858189929 0.561495903097
-92.961081111280 0.561570390185
-92.961081111280 0.561570390185
-92.960735927478 0.561572601635
-92.960735927478 0.561572601635
-92.933905677054 0.561497503469
-92.933905677054 0.561497503469
-92.932285188054 0.561504414037
-92.932285188054 0.561504414037
-92.914332519919 0.561767431731
-92.914332519919 0.561767431731
-92.912555830913 0.561776634758
-92.912555830913 0.561776634758
-92.878620776801 0.561856837129
-92.878620776801 0.561856837129
-92.878493299180 0.561858969281
-92.878493299180 0.561858969281
-92.870567679497 0.561968982485
-92.870567679497 0.561968982485
-92.870524050928 0.561969051408
-92.870524050928 0.561969051408
-92.858885275647 0.561988400882
-92.857470289895 0.562005327695
-92.855719360871 0.562036445870
-92.854350462498 0.562052032422
-92.662394447403 0.564411438936
-92.661768441747 0.564417033309
-92.591710202656 0.564668278043
-92.591710202656 0.564668278043
-92.591651854003 0.564671751372
-92.591651854003 0.564671751372
-92.513729204213 0.564918858668
-92.513637205839 0.564920770766
-91.945766781725 0.562659849068
-91.945766781725 0.562659849068
-91.944046815725 0.562731715293
-91.944046815725 0.562731715293
-91.923559781678 0.561364973036
-91.923559781678 0.561364973036
-91.923504467741 0.562557615529
-91.923504467741 0.562557615529
-91.923247807507 0.562538946878
-91.923247807507 0.562538946878
-91.922656125725 0.561575653661
-91.922656125725 0.561575653661
-91.920133944625 0.561471379303
-91.920133944625 0.561471379303
-91.919131716256 0.561427024438
-91.919131716256 0.561427024438
-91.906209261877 0.561516591745
-91.905145156259 0.561528755035
-91.897933331587 0.561620118775
-91.896255050271 0.561643096432
-91.892681666732 0.561740358025
-91.892681666732 0.561740358025
-91.888444474234 0.561797057450
-91.888444474234 0.561797057450
-91.888025323402 0.562345715269
-91.888025323402 0.562345715269
-91.886515443925 0.562237965358
-91.886515443925 0.562237965358
-91.879941304545 0.562377277883
-91.879941304545 0.562377277883
-91.879238095138 0.561643253723
-91.877525437205 0.561666963427
-91.876244416898 0.562327498158
-91.876244416898 0.562327498158
-91.874107567982 0.562448171414
-91.874107567982 0.562448171414
-91.866439151672 0.562147310027
-91.866439151672 0.562147310027
-91.836726927894 0.562161050111
-91.835588912673 0.562174734430
-91.830882456039 0.563496055376
-91.830882456039 0.563496055376
-91.821017923590 0.563190964643
-91.821017923590 0.563190964643
-91.813408949179 0.563483499469
-91.813408949179 0.563483499469
-91.808665209940 0.563376084756
-91.808665209940 0.563376084756
-91.111197096447 0.561876656983
-91.106564531703 0.561934173474
-91.102240335717 0.560814233703
-91.098174090912 0.560846787046
-91.083460658046 0.562060685742
-91.083460658046 0.562060685742
-91.082923256254 0.562070759001
-91.082923256254 0.562070759001
-91.077586631972 0.561984830487
-91.073269838732 0.562034695329
-91.059815183741 0.561281700779
-91.059815183741 0.561281700779
-91.058619375616 0.561312966986
-91.058619375616 0.561312966986
-91.055823123303 0.562154653068
-91.055823123303 0.562154653068
-91.054881638126 0.562173578981
-91.054881638126 0.562173578981
-91.036741977256 0.562314031841
-91.036741977256 0.562314031841
-91.034575684177 0.562339406703
-91.034575684177 0.562339406703
-91.022442281478 0.562469589839
-91.022442281478 0.562469589839
-91.020172823663 0.562497008821
-91.020172823663 0.562497008821
-91.006663414903 0.562344905624
-91.006663414903 0.562344905624
-91.006054145365 0.562373230957
-91.006054145365 0.562373230957
-91.005610071819 0.562140132947
-91.001129926169 0.562215979067
-90.971351026576 0.561930423821
-90.971351026576 0.561930423821
-90.970849615041 0.561915395638
-90.970849615041 0.561915395638
-90.961550346624 0.562120121448
-90.961388012369 0.562138309168
-90.956946174395 0.561294831944
-90.956946174395 0.561294831944
-90.955070393884 0.561299552082
-90.955070393884 0.561299552082
-90.954618447925 0.561112156218
-90.954618447925 0.561112156218
-90.953629988986 0.561497414602
-90.953563533857 0.561520494902
-90.953537747801 0.561124857995
-90.953537747801 0.561124857995
-90.946145828793 0.561223000038
-90.946145828793 0.561223000038
-90.944965053805 0.561238594291
-90.944965053805 0.561238594291
-90.920954956990 0.561379357326
-90.920954956990 0.561379357326
-90.920241540719 0.561388127681
-90.920241540719 0.561388127681
-90.908979408808 0.561446658737
-90.907795524108 0.561461747600
-90.877573922824 0.561689123185
-90.877573922824 0.561689123185
-90.877501078461 0.561683251451
-90.877501078461 0.561683251451
-90.843943519122 0.561902034437
-90.843307039511 0.561904303631
-90.510658301515 0.560161076415
-90.499925174697 0.560323408037
-90.462446992039 0.560270991670
-90.462444979582 0.560271055994
-90.410338332035 0.559952527640
-90.371185661446 0.560832384684
-90.371154911434 0.560833417916
-90.369596169163 0.560274084164
-90.366115000085 0.560404976602
-90.359359493024 0.560293483651
-90.359359493024 0.560293483651
-90.355329175109 0.560301616247
-90.355329175109 0.560301616247
-90.338388604121 0.560672152847
-90.338388604121 0.560672152847
-90.338383705483 0.560673269357
-90.338383705483 0.560673269357
-90.337411777683 0.560564027606
-90.336552229685 0.560496491328
-90.336552229685 0.560496491328
-90.330828205169 0.560513809383
-90.330828205169 0.560513809383
-90.289197680359 0.560932114467
-90.289197680359 0.560932114467
-90.287808622137 0.560973375783
-90.287808622137 0.560973375783
-90.271393634908 0.561058771870
-90.271393634908 0.561058771870
-90.270892802059 0.560810972439
-90.270892802059 0.560810972439
-90.270360708029 0.561060003075
-90.270360708029 0.561060003075
-90.267263957124 0.560876926843
-90.267263957124 0.560876926843
-90.243838252654 0.561152662843
-90.243838252654 0.561152662843
-90.241750430407 0.561174861197
-90.241750430407 0.561174861197
-90.216153840254 0.561167876675
-90.216153840254 0.561167876675
-90.215639565930 0.561172691774
-90.215639565930 0.561172691774
-90.210408892998 0.561195893439
-90.210408892998 0.561195893439
-90.209872665982 0.561202286091
-90.209872665982 0.561202286091
-90.201394114603 0.561245435395
-90.201257397197 0.561247727245
-90.189059133163 0.561338196988
-90.188999112234 0.561339203808
-90.161030417619 0.561525814677
-90.160095895105 0.561530437090
-90.143222822370 0.561609736799
-90.143222822370 0.561609736799
-90.140986179341 0.561633152695
-90.140986179340 0.561633152695
-90.107809657665 0.561818958070
-90.106749382491 0.561836116139
-90.094216933586 0.561892502361
-90.094216933586 0.561892502361
-90.093125541325 0.561896657878
-90.093125541325 0.561896657878
-90.085241923535 0.561973850515
-90.085241923535 0.561973850515
-90.085071106566 0.561973329808
-90.085071106566 0.561973329808
-90.082238929056 0.561951694890
-90.082238929056 0.561951694890
-90.081641798614 0.561962797507
-90.081641798614 0.561962797507
-90.078223481247 0.561975970355
-90.078223481247 0.561975970355
-90.077700637256 0.561984938935
-90.077700637256 0.561984938935
-90.072682858325 0.562009206276
-90.072682858325 0.562009206276
-90.069659515964 0.562030336934
-90.069659515964 0.562030336934
-90.068684565935 0.562047190757
-90.065086807944 0.562056830765
-90.044521074467 0.562212038695
-90.032089408317 0.562426685573
-90.030558326628 0.562298156622
-90.030558326628 0.562298156622
-90.029877823824 0.562310250514
-90.029877823824 0.562310250514
-90.024445142222 0.562346686515
-90.011999118589 0.562364590186
-90.011999118589 0.562364590186
-90.010746585591 0.562595700920
-90.008710170215 0.562378072278
-90.008710170215 0.562378072278
-89.971125879991 0.562614699753
-89.968624194006 0.562669335843
-89.939202522235 0.562890290262
-89.939202522235 0.562890290262
-89.937106549202 0.562901064695
-89.937106549202 0.562901064695
-89.922969997095 0.562689254303
-89.921878412939 0.562710920569
-89.907937285555 0.562973982158
-89.907937285555 0.562973982158
-89.907343498785 0.562986276984
-89.907343498785 0.562986276984
-89.894473483231 0.563219136053
-89.894403966688 0.563219924689
-89.886342124563 0.563159994864
-89.886342124563 0.563159994864
-89.886017602626 0.563167431990
-89.886017602626 0.563167431990
-89.881929153306 0.563221577357
-89.881929153306 0.563221577357
-89.881125933168 0.563224161085
-89.881125933168 0.563224161085
-89.845127450843 0.563333330800
-89.845127450843 0.563333330800
-89.845118763186 0.563333634053
-89.845118763186 0.563333634053
-89.816431805387 0.563599972772
-89.816427888224 0.563600186140
-89.764084749477 0.563905798654
-89.762633736549 0.563912252937
-89.730871971519 0.564044557425
-89.730871971519 0.564044557425
-89.730430416043 0.564066279534
-89.730430416043 0.564066279534
-89.642714625229 0.564616634086
-89.642704640694 0.564617038684
-89.602405872371 0.564211558202
-89.601265730899 0.564357307319
-89.580998158844 0.564842481398
-89.580998158844 0.564842481398
-89.580881158738 0.564849666006
-89.580881158738 0.564849666006
-89.560510197900 0.560722366720
-89.555699782365 0.560952347486
-89.543877682251 0.560825645512
-89.543877682251 0.560825645512
-89.539719385560 0.560867590227
-89.539719385560 0.560867590227
-89.507919173860 0.564969524339
-89.507919173860 0.564969524339
-89.507114605380 0.565171086144
-89.507114605380 0.565171086144
-89.501100530794 0.561301561823
-89.501100530794 0.561301561823
-89.500299350355 0.561103685960
-89.498404869047 0.561116796408
-89.498404869047 0.561116796408
-89.497838269853 0.561164085263
-89.493707165971 0.561155872502
-89.493707165971 0.561155872502
-89.492874057844 0.561071546356
-89.492874057844 0.561071546356
-89.487809215833 0.561220878990
-89.487809215833 0.561220878990
-89.487611710850 0.561122531973
-89.487611710850 0.561122531973
-89.477091321111 0.561126253120
-89.477091321111 0.561126253120
-89.476022803462 0.561136776269
-89.476022803462 0.561136776269
-89.466256625897 0.561185995867
-89.464824759896 0.561199185760
-89.428166468345 0.561461006195
-89.428166468345 0.561461006195
-89.426931468184 0.561477997202
-89.426931468184 0.561477997202
-89.403667058648 0.561592580741
-89.401577918245 0.561598464014
-89.367528773001 0.565780758991
-89.367528773001 0.565780758991
-89.367273108467 0.565787553948
-89.367273108467 0.565787553948
-89.242487710401 0.566054409603
-89.240284729251 0.566201505682
-89.150269437509 0.561374791369
-89.133133495095 0.562205673683
-89.132964923771 0.561394388266
-89.118192565547 0.561627748901
-89.118192565547 0.561627748901
-89.117429272624 0.561644443555
-89.117429272624 0.561644443555
-89.117253694228 0.562073370172
-89.114656684566 0.561517803936
-89.114656684566 0.561517803936
-89.113832582111 0.561534597169
-89.113832582111 0.561534597169
-89.084114489973 0.561729260162
-89.084114489973 0.561729260162
-89.080981223116 0.561780726581
-89.080981223116 0.561780726581
-89.064088296405 0.561989667567
-89.064088296405 0.561989667567
-89.061825551042 0.561928560752
-89.061825551042 0.561928560752
-89.061700516693 0.561931262154
-89.061700516693 0.561931262154
-89.061156468440 0.562033536679
-89.061156468440 0.562033536679
-89.056495392501 0.561984936271
-89.053974706850 0.562014219098
-89.029243986940 0.562195307850
-89.029243986940 0.562195307850
-89.029065909044 0.562198770178
-89.029065909044 0.562198770178
-89.021526770800 0.562225819417
-89.018602607932 0.562261341919
-88.517957051056 0.560659928563
-88.517957051056 0.560659928563
-88.513834345997 0.560712860519
-88.513834345997 0.560712860519
-88.503136964726 0.560831420514
-88.503136964726 0.560831420514
-88.501684636926 0.560841706126
-88.501684636926 0.560841706126
-88.501077442276 0.560717897742
-88.501077442276 0.560717897742
-88.499079160763 0.560736463883
-88.499079160763 0.560736463883
-88.492151848635 0.560942277208
-88.492151848635 0.560942277208
-88.491263567771 0.560954432065
-88.491263567771 0.560954432065
-88.490288620343 0.560959143158
-88.490288620343 0.560959143158
-88.487605418902 0.560953983948
-88.487244779589 0.561004944559
-88.487244779589 0.561004944559
-88.486686069219 0.560963487734
-88.480843346131 0.560849372583
-88.479274218124 0.560871301023
-88.479099499274 0.561060171557
-88.477508561742 0.561082315030
-88.461401184469 0.561181733356
-88.461401184469 0.561181733356
-88.460066358808 0.561190128439
-88.460066358808 0.561190128439
-88.440903510966 0.561319243226
-88.440056257818 0.561327306719
-88.036106293280 0.562126386137
-88.036106293280 0.562126386137
-88.036061529083 0.562127382705
-88.036061529083 0.562127382705
-87.981959270313 0.562401642729
-87.981959270313 0.562401642729
-87.981874874088 0.562402949544
-87.981874874088 0.562402949544
-87.872012643720 0.563070406568
-87.872012643720 0.563070406568
-87.871890988934 0.563073176383
-87.871890988934 0.563073176383
-87.826253095874 0.563239743766
-87.826253095874 0.563239743766
-87.826245559325 0.563237681538
-87.826245559325 0.563237681538
-87.662562000283 0.559651724575
-87.659741888388 0.559678374278
-87.650281029045 0.559804532370
-87.647482513519 0.559831273274
-87.612765661731 0.560168898290
-87.612765661731 0.560168898290
-87.611614992926 0.560227769927
-87.611614992926 0.560227769927
-87.607936614236 0.560207469800
-87.607936614236 0.560207469800
-87.606741694078 0.560266432868
-87.606741694078 0.560266432868
-87.556442478229 0.560435445337
-87.556442478229 0.560435445337
-87.556279577159 0.560430812679
-87.556279577159 0.560430812679
-87.546151348931 0.560536908428
-87.546151348931 0.560536908428
-87.546045668057 0.560531658438
-87.546045668057 0.560531658438
-87.508712683198 0.560693717704
-87.508712683198 0.560693717704
-87.508666323017 0.560694851515
-87.508666323017 0.560694851515
-87.493480845384 0.560763476715
-87.492501457101 0.560881572857
-87.492501457101 0.560881572857
-87.492434527662 0.560883008020
-87.492434527662 0.560883008020
-87.492262105432 0.560778695156
-87.474580893946 0.560994136286
-87.473370431277 0.561009213175
-87.415574680317 0.559910245271
-87.415537586316 0.559910219161
-87.207716979783 0.561549650353
-87.207716979783 0.561549650353
-87.207650943459 0.561550564783
-87.207650943459 0.561550564783
-87.019501471884 0.562953191385
-87.019464381016 0.562953752889
-83.217678524792 0.501896019966
-83.217674401191 0.501896192482
-83.159572312007 0.501837394509
-83.159572312007 0.501837394509
-83.159571400438 0.501837409557
-83.159571400438 0.501837409557
-83.063450634510 0.502445260422
-83.063385909771 0.502446837015
-82.986631818161 0.501673165202
-82.986631818161 0.501673165202
-82.986630960765 0.501673253788
-82.986630960765 0.501673253788
-82.818994998873 0.502424702272
-82.818994998873 0.502424702272
-82.818964745207 0.502425448002
-82.818964745207 0.502425448002
-82.703460331683 0.501427367336
-82.703460331683 0.501427367336
-82.703457509074 0.501427439429
-82.703457509074 0.501427439429
-82.347558998996 0.500999164685
-82.347552823801 0.500999383404
-82.283989520505 0.501292241847
-82.283988314469 0.501292205942
-82.151543970066 0.502053620748
-82.151543970066 0.502053620748
-82.151512259536 0.502054318858
-82.151512259536 0.502054318858
-81.927018269676 0.500795727783
-81.927007765308 0.500796013446
-81.885044861511 0.500799723640
-81.885044861511 0.500799723640
-81.885039245730 0.500799864224
-81.885039245730 0.500799864224
-81.836869063627 0.500827828075
-81.836869063627 0.500827828075
-81.836863983743 0.500827943241
-81.836863983743 0.500827943241
-81.761003615660 0.500807578257
-81.761003615660 0.500807578257
-81.761001374332 0.500807652723
-81.761001374332 0.500807652723
-81.597943391630 0.502534517980
-81.597929066114 0.502534889899
-81.560386992774 0.500812981416
-81.560386992774 0.500812981416
-81.560380985865 0.500813155283
-81.560380985865 0.500813155283
-81.427623219841 0.502695372270
-81.427623219841 0.502695372270
-81.427580387082 0.502696398285
-81.427580387082 0.502696398285
-81.312350656545 0.500698657482
-81.312343914957 0.500698825216
-81.283468247508 0.500475277085
-81.283468247508 0.500475277085
-81.283459203136 0.500475568775
-81.283459203136 0.500475568775
-81.267591743808 0.500985580211
-81.267591696493 0.500985571768
-81.133339575465 0.501421651027
-81.133339575465 0.501421651027
-81.133206535899 0.501425206326
-81.133206535899 0.501425206326
-81.088900767594 0.501901945070
-81.088900767593 0.501901945070
-81.088777942746 0.501904894814
-81.088777942746 0.501904894814
-80.962210279759 0.500895561621
-80.962210279759 0.500895561621
-80.962209152484 0.500895574616
-80.962209152484 0.500895574616
-80.672281665352 0.500131567390
-80.672281665352 0.500131567390
-80.672277751882 0.500131698939
-80.672277751882 0.500131698939
-80.592792145216 0.500964937080
-80.592792145216 0.500964937080
-80.592789159761 0.500965029944
-80.592789159761 0.500965029944
-80.464422142610 0.501578222134
-80.464422142610 0.501578222134
-80.462307994420 0.501673613342
-80.462307994420 0.501673613342
-80.309520070234 0.498189405822
-80.304975959798 0.498224392787
-80.293860798271 0.498303237630
-80.288524717251 0.498339241723
-80.275011898203 0.498394650610
-80.275011898203 0.498394650610
-80.273990922359 0.498414137761
-80.273990922359 0.498414137761
-80.273453511491 0.498425956764
-80.273453511491 0.498425956764
-80.269438961157 0.498582575332
-80.269438961157 0.498582575332
-80.239677827012 0.498578578627
-80.239677827012 0.498578578627
-80.239442179625 0.498583833203
-80.239442179625 0.498583833203
-80.208216554280 0.498720487657
-80.207880703890 0.498797345480
-80.207880703890 0.498797345480
-80.207768449823 0.498799992895
-80.207768449823 0.498799992895
-80.201748798904 0.500489616026
-80.201748798904 0.500489616026
-80.200932270782 0.500677431576
-80.200932270782 0.500677431576
-80.198426978087 0.498782540922
-80.187553785927 0.498892984329
-80.187553785927 0.498892984329
-80.187222516735 0.498899900425
-80.187222516735 0.498899900425
-80.186662841926 0.499402565375
-80.186662841926 0.499402565375
-80.183970549177 0.499309302954
-80.183970549177 0.499309302954
-80.148019738892 0.499125731366
-80.141639319291 0.499165149028
-80.109515046290 0.499486740828
-80.109255483217 0.499491338919
-80.099447474748 0.499384395490
-80.099219590187 0.499388597187
-80.099087597207 0.499391154026
-80.099055253701 0.499392035943
-80.096725177248 0.499436447838
-80.096725177248 0.499436447838
-80.096593156238 0.499438916514
-80.096593156238 0.499438916514
-80.086564290997 0.499483040375
-80.086564290997 0.499483040375
-80.086460954936 0.499485026132
-80.086460954936 0.499485026132
-80.085966053780 0.499494002094
-80.085966053780 0.499494002094
-80.085494760014 0.499504763323
-80.085494760014 0.499504763323
-80.084939934644 0.499484884032
-80.083326166923 0.499494656662
-80.063541041619 0.499587385110
-80.063541041619 0.499587385110
-80.063375529951 0.499590387719
-80.063375529951 0.499590387719
-80.056192897164 0.499709953525
-80.056192897164 0.499709953525
-80.055909664059 0.499715935217
-80.055909664059 0.499715935217
-80.051333508580 0.499714760261
-80.051333508580 0.499714760261
-80.051211909055 0.499717246926
-80.051211909055 0.499717246926
-80.042887662908 0.499829202528
-80.042887662908 0.499829202528
-80.042858261618 0.499829789791
-80.042858261618 0.499829789791
-80.029559935362 0.499860243187
-80.029556697740 0.499860347964
-80.020501259910 0.499795447069
-80.020501259910 0.499795447069
-80.020442116447 0.499796669993
-80.020442116447 0.499796669993
-80.006598803588 0.499968605278
-80.001877328012 0.499945922441
-80.001877328012 0.499945922441
-80.001753444672 0.499948249263
-80.001753444672 0.499948249263
-80.000247404865 0.499995202491
-80.000000000000 0.500000000000
-80.000000000000 0.500000000000
-80.000000000000 0.500000000000
-80.000000000000 0.500000000000
-79.999675266934 0.500005562183
-79.999518242028 0.500008386657
-79.998167005585 0.500032307031
-79.997663745711 0.500041784045
-79.996331185230 0.500066741885
-79.996158335486 0.500070053753
-79.995842801834 0.500052492016
-79.995842801834 0.500052492016
-79.995567748672 0.500057784457
-79.995567748672 0.500057784457
-79.985353642227 0.500212734408
-79.985353642227 0.500212734408
-79.985247714507 0.500214604162
-79.985247714507 0.500214604162
-79.984336433067 0.500099028378
-79.984336433067 0.500099028378
-79.984210461211 0.500101484594
-79.984210461211 0.500101484594
-79.975528574976 0.500155598571
-79.975528574976 0.500155598571
-79.975199679648 0.500162579086
-79.975199679648 0.500162579086
-79.973076157915 0.500205109900
-79.973076157915 0.500205109900
-79.973001477340 0.500206542853
-79.973001477340 0.500206542853
-79.966843200283 0.500118329240
-79.966582801867 0.500118672582
-79.942278250420 0.500403750001
-79.942278250420 0.500403750001
-79.942259661690 0.500404278611
-79.942259661690 0.500404278611
-79.940713331948 0.500434417093
-79.940207993558 0.500439741706
-79.889839460483 0.500681172583
-79.888820367560 0.500695779658
-79.851981804454 0.500835529044
-79.851974844301 0.500835729059
-79.848335305610 0.501058799302
-79.845203781514 0.501080775581
-79.842858653693 0.500870216177
-79.842807607024 0.500873810860
-79.794464862646 0.501195125699
-79.794464862646 0.501195125699
-79.794460991672 0.501195240758
-79.794460991672 0.501195240758
-79.738735191807 0.501566900483
-79.738677211479 0.501568453005
-79.731543693774 0.501577752660
-79.731543693774 0.501577752660
-79.731536605851 0.501577977174
-79.731536605851 0.501577977174
-79.727861907764 0.501694671891
-79.727709277222 0.501697595232
-79.708473459506 0.501720824648
-79.708432066659 0.501721603302
-79.689847768680 0.501809798017
-79.689847768680 0.501809798017
-79.689844533064 0.501809887720
-79.689844533064 0.501809887720
-79.667233842479 0.501994325095
-79.666062765725 0.502003512259
-79.665711549926 0.502032879728
-79.663169241270 0.502049770576
-79.616447140515 0.502206111418
-79.616447140515 0.502206111418
-79.616423243931 0.502206586832
-79.616423243931 0.502206586832
-79.601809498429 0.502468530376
-79.601809498429 0.502468530376
-79.601807203609 0.502468579758
-79.601807203609 0.502468579758
-79.599454883221 0.502504442941
-79.599454883221 0.502504442941
-79.599421034633 0.502505094739
-79.599421034633 0.502505094739
-79.398608655928 0.501285341550
-79.398608655928 0.501285341550
-79.398607211649 0.501285420511
-79.398607211649 0.501285420511
-79.338120955177 0.499911977128
-79.338120955177 0.499911977128
-79.338118029864 0.499912061934
-79.338118029864 0.499912061934
-79.290275130047 0.503445518799
-79.290275130047 0.503445518799
-79.290263529630 0.503445594521
-79.290263529630 0.503445594521
-79.282431976310 0.503609568307
-79.282419969999 0.503609771797
-79.215187281854 0.504675738459
-79.215158579465 0.504676318914
-79.047745519862 0.505139178540
-79.047742085857 0.505139264920
-79.042902312066 0.501177037715
-79.042902312066 0.501177037715
-79.042896152327 0.501177148181
-79.042896152327 0.501177148181
-78.882806945642 0.502285862913
-78.882806945642 0.502285862913
-78.882799942020 0.502285762519
-78.882799942020 0.502285762519
-78.872044947546 0.506230502889
-78.872020937075 0.506231020006
-78.732096411415 0.500953389635
-78.732096411415 0.500953389635
-78.732083719205 0.500953757264
-78.732083719205 0.500953757264
-78.685014666387 0.499803470359
-78.685014666387 0.499803470359
-78.685012907305 0.499803514320
-78.685012907305 0.499803514320
-78.538498844559 0.500713903971
-78.538498844559 0.500713903971
-78.538469252225 0.500714503280
-78.538469252225 0.500714503280
-78.480972255441 0.500666730322
-78.480958900204 0.500667148162
-78.471533636193 0.500570540320
-78.471531377562 0.500570612845
-78.279744718464 0.500224056053
-78.279744718464 0.500224056053
-78.279741049465 0.500224172059
-78.279741049465 0.500224172059
-78.142586724125 0.499850087578
-78.142586724125 0.499850087578
-78.142585978001 0.499849033052
-78.142585978001 0.499849033052
-78.123525756625 0.503569538267
-78.123525756625 0.503569538267
-78.123497182331 0.503568919326
-78.123497182331 0.503568919326
-78.068610108802 0.499818717839
-78.068610108802 0.499818717839
-78.068609024151 0.499818738246
-78.068609024150 0.499818738246
-78.062165138961 0.499577990471
-78.062165138961 0.499577990471
-78.062162062110 0.499578057148
-78.062162062110 0.499578057148
-78.035742942384 0.499478991726
-78.035740872370 0.499479027999
-77.785972176901 0.502025746802
-77.785972176901 0.502025746802
-77.785957712918 0.502025979450
-77.785957712918 0.502025979450
-77.556678049485 0.499676376791
-77.556677734308 0.499676451632
-77.547616584420 0.503015330296
-77.547613818897 0.503015409261
-77.476423003119 0.500142610080
-77.476421112131 0.500142638666
-77.315667980135 0.501268571952
-77.315667980135 0.501268571952
-77.315650766912 0.501268962133
-77.315650766912 0.501268962133
-77.057355525279 0.500009235526
-77.057355525279 0.500009235526
-77.057352936056 0.500009302657
-77.057352936056 0.500009302657
-76.715068680780 0.500067157627
-76.715068680780 0.500067157627
-76.715066581463 0.500067228700
-76.715066581463 0.500067228700
-76.502890157495 0.500105863967
-76.502890157495 0.500105863967
-76.502887779809 0.500105914381
-76.502887779809 0.500105914381
-76.446456467185 0.502041771084
-76.446456467185 0.502041771084
-76.446456043185 0.502041800108
-76.446456043185 0.502041800108
-76.431046467621 0.500118855059
-76.431040899767 0.500118998951
-76.096898479228 0.502859271889
-76.096887195911 0.502859650391
-71.713530956666 0.437030854804
-71.713046714403 0.437036221039
-71.693785409978 0.437151694279
-71.693785409978 0.437151694279
-71.693753496045 0.437147739408
-71.693753496045 0.437147739408
-71.693682332818 0.437149789459
-71.693682332818 0.437149789459
-71.693418785256 0.437154372108
-71.693418785256 0.437154372108
-71.684160942951 0.437239530045
-71.684160942951 0.437239530045
-71.684154824072 0.437239949911
-71.684154824072 0.437239949911
-71.682373734701 0.437186034185
-71.682373734701 0.437186034185
-71.682308303576 0.437187894524
-71.682308303576 0.437187894524
-71.676342704640 0.437201980883
-71.675833741001 0.437207786607
-71.666091104704 0.437319831969
-71.666091104704 0.437319831969
-71.665691231474 0.437323374200
-71.665691231474 0.437323374200
-71.663767846637 0.437382287737
-71.663525015595 0.437381915586
-71.660308798579 0.437387188228
-71.660308798579 0.437387188228
-71.660214122256 0.437389684892
-71.660214122256 0.437389684892
-71.659871590682 0.437407661344
-71.659630783843 0.437407268376
-71.605407183186 0.437579669719
-71.604726400976 0.437589167167
-71.598582552378 0.437648580652
-71.598582552378 0.437648580652
-71.598571643702 0.437649029152
-71.598571643702 0.437649029152
-71.587969956318 0.437716732874
-71.587310776076 0.437725631777
-71.584306526877 0.437787040966
-71.584306526877 0.437787040966
-71.583702632677 0.437794724517
-71.583702632677 0.437794724517
-71.582948386821 0.437835786230
-71.582404631079 0.437842104990
-71.576307390982 0.437853050512
-71.576307390982 0.437853050512
-71.576296577955 0.437853474974
-71.576296577955 0.437853474974
-71.569042691859 0.437847214034
-71.569042691859 0.437847214034
-71.568992319594 0.437848216471
-71.568992319594 0.437848216471
-71.564039003767 0.437890729813
-71.564039003767 0.437890729813
-71.563401365926 0.437899319864
-71.563401365926 0.437899319864
-71.558159459110 0.437949095688
-71.558159459110 0.437949095688
-71.558151766999 0.437949138937
-71.558151766999 0.437949138937
-71.542131335439 0.438040101316
-71.541566156456 0.438046790980
-71.159518833985 0.439115729986
-71.159518833985 0.439115729986
-71.159511181988 0.439116007858
-71.159511181988 0.439116007858
-71.159053515677 0.439091839506
-71.159024537706 0.439092782699
-71.155796091151 0.439165739514
-71.155796091151 0.439165739514
-71.155749093738 0.439167285336
-71.155749093738 0.439167285336
-71.154306547007 0.439219651401
-71.154306547007 0.439219651401
-71.154290215734 0.439220100706
-71.154290215734 0.439220100706
-71.153104347028 0.439249893616
-71.153081094494 0.439250614425
-71.151511839794 0.439267890108
-71.151511839794 0.439267890108
-71.151484097138 0.439268733044
-71.151484097138 0.439268733044
-71.147723118914 0.439261195849
-71.147723118914 0.439261195849
-71.147714169423 0.439261235955
-71.147714169423 0.439261235955
-71.141797313776 0.439340345062
-71.141791433694 0.439340565349
-71.137773172501 0.439440344608
-71.137773172501 0.439440344608
-71.137761956844 0.439440542224
-71.137761956844 0.439440542224
-71.130447083088 0.439517992811
-71.130445063299 0.439517983099
-70.647036081751 0.437402266726
-70.647036081751 0.437402266726
-70.647035492215 0.437414269748
-70.646908992977 0.437405837338
-70.646908992977 0.437405837338
-70.645846839612 0.437425223411
-70.644786274314 0.437335215929
-70.644786274314 0.437335215929
-70.643576625593 0.437347267913
-70.643576625593 0.437347267913
-70.642076888618 0.437520373967
-70.641440594375 0.437393831206
-70.641440594375 0.437393831206
-70.641083976922 0.437500843050
-70.641083976922 0.437500843050
-70.640999023335 0.437528297266
-70.640875028254 0.437504961523
-70.640875028254 0.437504961523
-70.640157582117 0.437406830563
-70.640157582117 0.437406830563
-70.637191397259 0.437284774219
-70.637191397259 0.437284774219
-70.636849562363 0.437291155320
-70.636849562363 0.437291155320
-70.635655208847 0.437152301570
-70.634066375894 0.437171315079
-70.633866551118 0.437353457602
-70.633866551118 0.437353457602
-70.633565487615 0.437358069654
-70.633565487615 0.437358069654
-70.628570729962 0.437383890206
-70.626986441553 0.437403058612
-70.621190412584 0.437528313119
-70.619914836896 0.437541807439
-70.606098841947 0.437574469936
-70.606098841947 0.437574469936
-70.605826849143 0.437579069406
-70.605826849143 0.437579069406
-70.602339761694 0.437662142966
-70.601051450270 0.437675818864
-70.598860057408 0.437691570849
-70.598860057408 0.437691570849
-70.598589108909 0.437695439150
-70.598589108909 0.437695439150
-70.589161514177 0.437735902595
-70.589161514177 0.437735902595
-70.587626719790 0.437753179135
-70.587626719790 0.437753179135
-70.584555343502 0.437670492869
-70.583721849500 0.437742545000
-70.583721849500 0.437742545000
-70.582944951861 0.437690720089
-70.582190771278 0.437760973584
-70.582190771278 0.437760973584
-70.579695595423 0.437745179068
-70.579695595423 0.437745179068
-70.579535983971 0.437747805774
-70.579535983971 0.437747805774
-70.578726942726 0.437754373758
-70.578726942726 0.437754373758
-70.578725246434 0.437754392914
-70.578725246434 0.437754392914
-70.575022151763 0.437776087807
-70.573413080896 0.437796242145
-70.216473559946 0.436343685168
-70.216445671888 0.436344478400
-70.214220606438 0.436390495350
-70.214220606438 0.436390495350
-70.214195880933 0.436391194401
-70.214195880933 0.436391194401
-70.213371510998 0.436412139373
-70.213315940137 0.436413746791
-70.212371776052 0.436424331197
-70.212371776051 0.436424331197
-70.212346866060 0.436425033050
-70.212346866060 0.436425033050
-70.211985224899 0.436423371434
-70.211985224899 0.436423371434
-70.211978521866 0.436423583492
-70.211978521866 0.436423583492
-70.207466167702 0.436512817823
-70.207466167702 0.436512817823
-70.207427041422 0.436514028025
-70.207427041422 0.436514028025
-70.206516312932 0.436525198001
-70.206516312932 0.436525198001
-70.206511438151 0.436525276938
-70.206511438151 0.436525276938
-70.206492496546 0.436522013329
-70.206484066913 0.436522113630
-70.203643427459 0.436567187756
-70.203643427459 0.436567187756
-70.203604395616 0.436568319373
-70.203604395616 0.436568319373
-70.198203784377 0.436659652661
-70.198158967121 0.436661097741
-69.810995179293 0.438537842001
-69.810973540819 0.438538604723
-69.809037883695 0.438577314363
-69.809037883695 0.438577314363
-69.809001993058 0.438578487903
-69.809001993058 0.438578487903
-69.807933440339 0.438598424540
-69.807933440339 0.438598424540
-69.807928287107 0.438598612737
-69.807928287107 0.438598612737
-69.806967359894 0.438617630139
-69.806967359894 0.438617630139
-69.806960079898 0.438617848986
-69.806960079898 0.438617848986
-69.805312805231 0.438645856289
-69.805312805231 0.438645856289
-69.805299044359 0.438646284832
-69.805299044359 0.438646284832
-69.805148603198 0.438651617786
-69.805120737124 0.438652538619
-69.803640735152 0.438680815647
-69.803640735152 0.438680815647
-69.803604420384 0.438681991127
-69.803604420383 0.438681991127
-69.801360976632 0.438723372255
-69.801359264239 0.438723426799
-69.801061947548 0.438729761288
-69.801061947548 0.438729761288
-69.801057303138 0.438729980035
-69.801057303138 0.438729980035
-69.799949806673 0.438752668136
-69.799931637386 0.438753220745
-69.411892028796 0.437382301820
-69.410173929310 0.437403921444
-69.409385943114 0.437418492067
-69.408204905707 0.437418001275
-69.408204905707 0.437418001275
-69.407998848578 0.437421987126
-69.407998848578 0.437421987126
-69.407710613163 0.437439170840
-69.403668553878 0.437395245028
-69.403668553878 0.437395245028
-69.403124206767 0.437502303885
-69.403124206767 0.437502303885
-69.403053845139 0.437504032894
-69.403053845139 0.437504032894
-69.401974574369 0.437416514779
-69.401974574369 0.437416514779
-69.394309794574 0.437449844618
-69.394309794574 0.437449844618
-69.394251444747 0.437450490187
-69.394251444747 0.437450490187
-69.390492500168 0.437622965598
-69.390492500168 0.437622965598
-69.389782067018 0.437506814876
-69.388820034662 0.437643290818
-69.388820034662 0.437643290818
-69.387990199830 0.437529608244
-69.383786678587 0.437499000058
-69.382739861214 0.437610702986
-69.382739861214 0.437610702986
-69.382512742206 0.437614972299
-69.382512742206 0.437614972299
-69.382188400779 0.437518791578
-69.369981652225 0.437627140636
-69.368237649733 0.437648927135
-69.361081987175 0.437649918721
-69.361081987175 0.437649918721
-69.360863579883 0.437653735117
-69.360863579883 0.437653735117
-69.354085315855 0.437674536061
-69.354085315855 0.437674536061
-69.353341772513 0.437739039591
-69.353341772513 0.437739039591
-69.353249222829 0.437740393359
-69.353249222829 0.437740393359
-69.352471498019 0.437694199623
-69.352471498019 0.437694199623
-69.350357817109 0.437780900214
-69.348763223427 0.437800841243
-69.345870227153 0.437752334161
-69.345870227153 0.437752334161
-69.344776629296 0.437699492352
-69.344241876875 0.437772824172
-69.344241876875 0.437772824172
-69.343165101234 0.437719685636
-69.341637827768 0.437753248900
-69.341637827768 0.437753248900
-69.341636531508 0.437753326397
-69.341636531508 0.437753326397
-69.339887267972 0.437778259158
-69.339887267972 0.437778259158
-69.339688234152 0.437781974336
-69.339688234152 0.437781974336
-69.332736492948 0.437849042393
-69.331140073477 0.437868794108
-68.498038267853 0.436954457719
-68.497158347432 0.436971191036
-68.478331069814 0.437360123396
-68.477640493459 0.437375785153
-68.475920437882 0.437026497809
-68.475920437882 0.437026497809
-68.475835702943 0.437028600609
-68.475835702943 0.437028600609
-68.473854434679 0.436935092455
-68.473854434679 0.436935092455
-68.473007374072 0.436948031502
-68.473007374072 0.436948031502
-68.471386034439 0.437037621181
-68.471386034439 0.437037621181
-68.471263474762 0.437040300448
-68.471263474762 0.437040300448
-68.470974141859 0.437155281657
-68.470974141859 0.437155281657
-68.470897451949 0.437159084275
-68.470897451949 0.437159084275
-68.467425393755 0.437274682195
-68.467425393755 0.437274682195
-68.467286305386 0.437277876600
-68.467286305386 0.437277876600
-68.466268018659 0.436894141731
-68.465564915588 0.436902604094
-68.463934555342 0.437584513218
-68.463695177460 0.437589359942
-68.457605302713 0.437171730295
-68.457605302713 0.437171730295
-68.456824492114 0.437186180137
-68.456824492114 0.437186180137
-68.453681837972 0.437080609009
-68.452974145164 0.437089145953
-68.436154033309 0.437476233000
-68.436154033309 0.437476233000
-68.436145881544 0.437474887767
-68.436145881544 0.437474887767
-68.412733076428 0.437645484493
-68.412733076428 0.437645484493
-68.412716663416 0.437645921744
-68.412716663416 0.437645921744
-68.409911395417 0.438080482686
-68.409911395417 0.438080482686
-68.409747780711 0.438084762379
-68.409747780711 0.438084762379
-68.397865891542 0.438370128832
-68.397816153778 0.438372370789
-68.393419943264 0.437959996822
-68.393419943264 0.437959996822
-68.393180829252 0.437967111961
-68.393180829252 0.437967111961
-68.386437862447 0.438429397758
-68.386437862447 0.438429397758
-68.386386979252 0.438430618152
-68.386386979252 0.438430618152
-68.384997993909 0.438296770224
-68.384997993909 0.438296770224
-68.384964272589 0.438297968513
-68.384964272589 0.438297968513
-68.380245991735 0.437427467638
-68.379634130098 0.437434741692
-68.369231193315 0.438522320232
-68.369072867804 0.438523170143
-68.358003405910 0.437938296146
-68.358003405910 0.437938296146
-68.357520824461 0.437937682315
-68.357520824461 0.437937682315
-68.355539825982 0.437664667528
-68.354903767445 0.437671752058
-68.348728340618 0.438347575495
-68.348395738658 0.438349245944
-68.343120439075 0.437709061893
-68.343120439075 0.437709061893
-68.343106830058 0.437708981470
-68.343106830058 0.437708981470
-68.337544761483 0.437895466263
-68.337544761483 0.437895466263
-68.337498241381 0.437896853925
-68.337498241381 0.437896853925
-68.326670945449 0.437789602903
-68.326092129190 0.437796214711
-68.320090188418 0.438290599190
-68.320090188418 0.438290599190
-68.320020584910 0.438291948042
-68.320020584910 0.438291948042
-68.308922867078 0.438274180800
-68.308922867078 0.438274180800
-68.308443662593 0.438277558973
-68.308443662593 0.438277558973
-68.296140313752 0.438511608957
-68.296140313752 0.438511608957
-68.296136040294 0.438511583939
-68.296136040294 0.438511583939
-68.269283136441 0.438711859124
-68.268831224795 0.438716432695
-62.131780079982 0.374215499504
-62.131779002102 0.374215515818
-62.129436606566 0.374240254480
-62.129436606566 0.374240254480
-62.129435747899 0.374240274961
-62.129435747899 0.374240274961
-62.123713606505 0.374301665198
-62.123713606505 0.374301665198
-62.123713073159 0.374301688551
-62.123713073159 0.374301688551
-62.117894362486 0.374365550814
-62.117894362486 0.374365550814
-62.117893961452 0.374365567566
-62.117893961452 0.374365567566
-62.115454576515 0.374392784898
-62.115454195590 0.374392796469
-61.570743248232 0.374101109764
-61.570742841172 0.374101110171
-61.567878240573 0.374121069318
-61.567878240573 0.374121069318
-61.567862581579 0.374121160902
-61.567862581579 0.374121160902
-61.560842110525 0.374170653495
-61.560842110525 0.374170653495
-61.560816235410 0.374170870761
-61.560816235410 0.374170870761
-61.556434324928 0.374176358522
-61.556433794284 0.374176370692
-61.555259987628 0.374203158730
-61.555259987628 0.374203158730
-61.555256098017 0.374203181201
-61.555256098017 0.374203181201
-61.553642068967 0.374222346636
-61.553642068967 0.374222346636
-61.553633098841 0.374222458150
-61.553633098841 0.374222458150
-61.552499941585 0.374265684857
-61.552499941585 0.374265684857
-61.552495247846 0.374265674415
-61.552495247846 0.374265674415
-61.550614940204 0.374244383847
-61.550614305685 0.374244407652
-61.549863739992 0.374325082956
-61.549863739992 0.374325082956
-61.549838604078 0.374325277740
-61.549838604078 0.374325277740
-61.548816726111 0.374348809219
-61.548764019243 0.374349129872
-61.201092722705 0.376346486239
-61.200735580696 0.376354756452
-61.183814538612 0.376426071178
-61.183814538612 0.376426071178
-61.182985928411 0.376428540754
-61.182985928410 0.376428540754
-61.182930830146 0.376434067785
-61.182930830146 0.376434067785
-61.182878861235 0.376427000775
-61.182623405393 0.376432099035
-61.182076401489 0.376438805674
-61.182076401489 0.376438805674
-61.170411553458 0.376496173657
-61.170411553458 0.376496173657
-61.168685648002 0.376518151954
-61.168685648002 0.376518151954
-61.145672612710 0.376594862921
-61.145672612710 0.376594862921
-61.143861587978 0.376618005297
-61.143861587978 0.376618005297
-61.127041148282 0.376721595386
-61.127041148282 0.376721595386
-61.126523481153 0.376726047818
-61.126523481153 0.376726047818
-61.109404191762 0.376787667367
-61.109404191762 0.376787667367
-61.108928502178 0.376793256344
-61.108928502178 0.376793256344
-61.085718135318 0.377010548632
-61.085711972560 0.377010712668
-61.076504272339 0.376896948487
-61.076226904859 0.376899488140
-61.072277294986 0.376944095366
-61.072001486271 0.376946578845
-61.040299845421 0.377227550243
-61.040299845421 0.377227550243
-61.040126875591 0.377226353040
-61.040126875591 0.377226353040
-61.039785298282 0.377273734180
-61.039780985892 0.377273849665
-60.993348269961 0.377443569408
-60.993348269961 0.377443569408
-60.993208319740 0.377443516095
-60.993208319740 0.377443516095
-60.983311965435 0.377570311641
-60.983311965435 0.377570311641
-60.981704713363 0.377588841460
-60.981704713363 0.377588841460
-60.962905255783 0.377618291622
-60.962905255783 0.377618291622
-60.961243300661 0.377637495781
-60.961243300661 0.377637495781
-60.957269242827 0.377751016898
-60.956843233212 0.377755768340
-60.956323239390 0.377719872920
-60.956323239390 0.377719872920
-60.955646414007 0.377726551567
-60.955646414007 0.377726551567
-60.925768379982 0.377877559542
-60.925768379982 0.377877559542
-60.924982685712 0.377888264990
-60.924982685712 0.377888264990
-60.901072528894 0.378004746448
-60.900869496339 0.378003714555
-60.213641067726 0.373654701740
-60.213598635323 0.373656303290
-60.204386857232 0.373714956340
-60.204386857232 0.373714956340
-60.204368884543 0.373715620820
-60.204368884543 0.373715620820
-60.179926200863 0.373873607349
-60.179926200863 0.373873607349
-60.179920007577 0.373873832427
-60.179920007577 0.373873832427
-60.149655423943 0.374069789625
-60.149655423943 0.374069789625
-60.149651264208 0.374069933578
-60.149651264208 0.374069933578
-60.134049834506 0.374155910212
-60.134049834506 0.374155910212
-60.134047810908 0.374155984755
-60.134047810908 0.374155984755
-60.133976330396 0.374157475255
-60.133976135192 0.374157483769
-60.133908258723 0.374157883022
-60.133908258723 0.374157883022
-60.133905304183 0.374157994071
-60.133905304183 0.374157994071
-60.132970548740 0.374174261540
-60.132970548740 0.374174261540
-60.132970024345 0.374174279971
-60.132970024345 0.374174279971
-60.132642597206 0.374180586117
-60.132642449599 0.374180591169
-60.132108263086 0.374190119471
-60.132107940766 0.374190134055
-60.101074553074 0.374356136833
-60.101065420483 0.374356330888
-60.095192255427 0.374405040462
-60.095192255427 0.374405040462
-60.095180751413 0.374405376103
-60.095180751413 0.374405376103
-60.082004912359 0.374503558174
-60.082004912359 0.374503558174
-60.081996494836 0.374503832843
-60.081996494836 0.374503832843
-60.069409228139 0.374591518976
-60.069409228139 0.374591518976
-60.069406128475 0.374591608432
-60.069406128475 0.374591608432
-60.066471037001 0.374587175699
-60.066468465428 0.374587257321
-60.064258867541 0.374626823809
-60.064257617346 0.374626861514
-60.054621955492 0.374662682740
-60.054621955492 0.374662682740
-60.054620017088 0.374662737022
-60.054620017088 0.374662737022
-60.036825994172 0.374773684046
-60.036825994172 0.374773684046
-60.036825656456 0.374773694791
-60.036825656456 0.374773694791
-60.024861566150 0.374846994644
-60.024861566150 0.374846994644
-60.024861162728 0.374847050326
-60.024861162728 0.374847050326
-60.020796818443 0.374871718705
-60.020794875686 0.374871677010
-59.740943875440 0.376537599132
-59.740883260241 0.376538802609
-59.738921066050 0.376553691403
-59.738921066050 0.376553691403
-59.738892850767 0.376552174416
-59.738892850767 0.376552174416
-59.737550723548 0.376590024720
-59.737185450508 0.376596621859
-59.736452223005 0.376609395246
-59.736452223005 0.376609395246
-59.736257434210 0.376612984723
-59.736257434210 0.376612984723
-59.736047208454 0.376616328514
-59.736047208454 0.376616328514
-59.735818440642 0.376620699286
-59.735818440642 0.376620699286
-59.735599803173 0.376621131292
-59.735599803173 0.376621131292
-59.735444921064 0.376626839853
-59.735444921064 0.376626839853
-59.735371954351 0.376625464417
-59.735371954351 0.376625464417
-59.735279356171 0.376629463079
-59.735279356171 0.376629463079
-59.735189130643 0.376631511560
-59.735189130643 0.376631511560
-59.734994024068 0.376635144383
-59.734994024068 0.376635144383
-59.734329579129 0.376646688650
-59.734317935614 0.376648127656
-59.734243339298 0.376648646969
-59.733947592232 0.376654871260
-59.729650398554 0.376641764591
-59.729495000507 0.376644896461
-59.729195076303 0.376650104377
-59.729070747194 0.376652307449
-59.715771824635 0.376609658977
-59.715767196049 0.376609800283
-59.709163692784 0.376694180978
-59.709163692784 0.376694180978
-59.709016655297 0.376699198459
-59.709016655297 0.376699198459
-59.700981515880 0.376705973849
-59.700981515879 0.376705973849
-59.700960260629 0.376706396532
-59.700960260629 0.376706396532
-59.696452568054 0.376926515562
-59.696424021825 0.376927375005
-59.689063403999 0.376885660651
-59.689063403999 0.376885660651
-59.688863625115 0.376889793909
-59.688863625115 0.376889793909
-59.674126976232 0.376816184018
-59.674126976232 0.376816184018
-59.674108162090 0.376816632711
-59.674108162090 0.376816632711
-59.665793886148 0.376923120687
-59.665793886148 0.376923120687
-59.665772731920 0.376923631364
-59.665772731920 0.376923631364
-59.662645947250 0.377216614801
-59.662645947250 0.377216614801
-59.662496011388 0.377219685838
-59.662496011388 0.377219685838
-59.637413087083 0.377042773899
-59.637413087083 0.377042773899
-59.637406940749 0.377042839518
-59.637406940749 0.377042839518
-59.626798564380 0.377197140745
-59.626798564380 0.377197140745
-59.626770674015 0.377197874347
-59.626770674015 0.377197874347
-59.622574471196 0.377127766845
-59.622570115009 0.377127889337
-59.605110365763 0.377406788374
-59.605107613007 0.377406893280
-59.593102967426 0.377549638862
-59.593102967426 0.377549638862
-59.593100526176 0.377549645077
-59.593100526176 0.377549645077
-59.580932556319 0.377455805286
-59.580604515125 0.377461673919
-59.573081554243 0.377585991019
-59.573081554243 0.377585991019
-59.572737530324 0.377592138937
-59.572737530324 0.377592138937
-59.566037850614 0.377696560729
-59.566037850614 0.377696560729
-59.566006078549 0.377697393870
-59.566006078549 0.377697393870
-59.562463875507 0.377759429577
-59.562463875507 0.377759429577
-59.562135990017 0.377765146920
-59.562135990017 0.377765146920
-59.561687499892 0.377808914351
-59.561687499892 0.377808914351
-59.561655173911 0.377809713800
-59.561655173911 0.377809713800
-59.561207252959 0.377782536126
-59.560858610039 0.377789009705
-59.490236418458 0.378091443265
-59.490236418458 0.378091443265
-59.490033123516 0.378095124317
-59.490033123516 0.378095124317
-59.467008054945 0.378460002363
-59.467008054945 0.378460002363
-59.466830539680 0.378463042599
-59.466830539680 0.378463042599
-59.449619434125 0.378339120185
-59.449429583072 0.378342447693
-59.426460454359 0.378709394261
-59.426271729159 0.378712656873
-58.788365622174 0.373529097698
-58.788319150056 0.373529372552
-58.781031247456 0.373603767746
-58.781031247456 0.373603767746
-58.781028801498 0.373603784867
-58.781028801497 0.373603784867
-58.763304116321 0.373786288030
-58.763304116321 0.373786288030
-58.763278905557 0.373786483154
-58.763278905557 0.373786483154
-58.761769899826 0.373857973490
-58.761766420746 0.373858084377
-58.759157756665 0.373876182813
-58.759157756665 0.373876182813
-58.759143048848 0.373876301962
-58.759143048848 0.373876301962
-58.752863766972 0.373919724547
-58.752863766972 0.373919724547
-58.752857989882 0.373919764973
-58.752857989882 0.373919764973
-58.746616709299 0.373962555466
-58.746616709299 0.373962555466
-58.746607423962 0.373962600615
-58.746607423962 0.373962600615
-58.745396748301 0.373973904568
-58.745396748301 0.373973904568
-58.745394571544 0.373973928832
-58.745394571543 0.373973928832
-58.744032597437 0.373980134240
-58.744032040589 0.373980154462
-58.737928220162 0.374053413993
-58.737927501250 0.374053439766
-58.381902605929 0.376228430735
-58.380098190970 0.376242691702
-58.360993239128 0.376351916041
-58.359595145988 0.376361837247
-58.359046602400 0.376367353364
-58.359046602400 0.376367353364
-58.358983520507 0.376375825245
-58.358983520507 0.376375825245
-58.356850179202 0.376389189818
-58.356850179202 0.376389189818
-58.356526629790 0.376403385971
-58.356526629790 0.376403385971
-58.345192776330 0.376441554371
-58.345192776330 0.376441554371
-58.342936932199 0.376479733959
-58.342936932199 0.376479733959
-58.305655322034 0.376712931895
-58.305655322034 0.376712931895
-58.303261565560 0.376758612894
-58.303261565560 0.376758612894
-58.293272805625 0.376747097348
-58.293272805625 0.376747097348
-58.291369264431 0.376798739772
-58.291369264431 0.376798739772
-58.265013597573 0.376959509458
-58.265013597573 0.376959509458
-58.263929788391 0.376993532755
-58.263929788391 0.376993532755
-58.254912041949 0.377022139689
-58.254909101249 0.377022216552
-58.216316339371 0.376947520135
-58.215833014214 0.376951050948
-58.211963395733 0.377304767562
-58.211425615738 0.377314255925
-58.202076402783 0.377007241454
-58.202076402783 0.377007241454
-58.200225816891 0.377393688541
-58.200225263012 0.377393689691
-58.196337315815 0.377376791419
-58.196337315815 0.377376791419
-58.153725037362 0.376069997167
-58.153725037362 0.376069997167
-58.153042213087 0.374821412176
-58.153042213087 0.374821412176
-58.143998743778 0.374345357176
-58.143945188584 0.374351264011
-58.142385048430 0.374391769853
-58.142385048430 0.374391769853
-58.140836462694 0.374403184330
-58.140836462694 0.374403184330
-58.140179167821 0.377723440323
-58.140179167821 0.377723440323
-58.137696378872 0.375432463645
-58.137118175833 0.374796581387
-58.137118175833 0.374796581387
-58.133213699177 0.374311474744
-58.133213699177 0.374311474744
-58.129505264279 0.374284114259
-58.127270641254 0.377867635924
-58.127270641254 0.377867635924
-58.126580393031 0.375760298262
-58.126580393031 0.375760298262
-58.122928655044 0.377788046499
-58.120001245071 0.377097264255
-58.120001245071 0.377097264255
-58.111175455700 0.376624478529
-58.109537624596 0.377907971348
-58.109537624595 0.377907971348
-58.103627112201 0.377315307754
-58.103627112201 0.377315307754
-58.096263675390 0.378049240279
-58.096263675390 0.378049240279
-58.094118509367 0.377757121854
-58.094118509367 0.377757121854
-58.068844794360 0.378208040977
-58.068844794360 0.378208040977
-58.066609432110 0.378105598120
-58.066609432110 0.378105598120
-58.036215425071 0.378433281823
-58.033026514932 0.378413699329
-51.573010749549 0.313556817893
-51.572932618773 0.313558226372
-51.570019340203 0.313578666700
-51.570019340203 0.313578666700
-51.569963531608 0.313579673051
-51.569963531608 0.313579673051
-51.562616664192 0.313633778951
-51.562616664192 0.313633778951
-51.562616458801 0.313633775405
-51.562616458801 0.313633775405
-51.556097982041 0.313792033307
-51.556020050735 0.313793433816
-51.554996297956 0.313691557685
-51.554996297956 0.313691557685
-51.554938184480 0.313692635536
-51.554938184480 0.313692635536
-51.554393037955 0.313791015309
-51.554393037955 0.313791015309
-51.554337684162 0.313792003838
-51.554337684162 0.313792003838
-51.551753447276 0.313716702328
-51.551670282678 0.313718247220
-51.550188696449 0.313788799582
-51.550188696449 0.313788799582
-51.550188294469 0.313788827439
-51.550188294469 0.313788827439
-51.545908694750 0.313785989041
-51.545908694750 0.313785989041
-51.545850602580 0.313787068083
-51.545850602580 0.313787068083
-51.544095125330 0.313784954413
-51.544012515636 0.313786480381
-50.895890505877 0.313177518388
-50.895840905397 0.313178532499
-50.888091358649 0.313212001703
-50.888091358649 0.313212001703
-50.888056631352 0.313212723511
-50.888056631352 0.313212723511
-50.878268150807 0.313381194383
-50.878218529912 0.313382208365
-50.869833647233 0.313427612954
-50.869833647233 0.313427612954
-50.869799267701 0.313428321183
-50.869799267701 0.313428321183
-50.868808886670 0.313301511400
-50.868808886670 0.313301511400
-50.868808012685 0.313301561448
-50.868808012685 0.313301561448
-50.849211235249 0.313541351256
-50.849211235249 0.313541351256
-50.849211009840 0.313541377201
-50.849211009840 0.313541377201
-50.848811651976 0.313401115064
-50.848811651976 0.313401115064
-50.848781536357 0.313401690857
-50.848781536357 0.313401690857
-50.840274693388 0.313446151526
-50.840232585260 0.313446973264
-50.828153226642 0.313658533051
-50.828153226642 0.313658533051
-50.828122827248 0.313659119347
-50.828122827248 0.313659119347
-50.819261263019 0.313708811933
-50.819219174492 0.313709633212
-49.987977053939 0.312586608981
-49.987880189070 0.312588397224
-49.979299828127 0.312743184641
-49.979203188341 0.312744965453
-49.974660864955 0.312673417452
-49.974660864955 0.312673417452
-49.974591049326 0.312674724352
-49.974591049326 0.312674724352
-49.967646098799 0.312799715257
-49.967646098799 0.312799715257
-49.967576576282 0.312801012902
-49.967576576282 0.312801012902
-49.942651596793 0.312880235310
-49.942651596793 0.312880235310
-49.942648804692 0.312880323346
-49.942648804692 0.312880323346
-49.939611115494 0.312934623982
-49.939611115494 0.312934623982
-49.939608818311 0.312934696630
-49.939608818311 0.312934696630
-49.911620431271 0.313068742066
-49.911620431271 0.313068742066
-49.911552343430 0.313069995860
-49.911552343430 0.313069995860
-49.910702800129 0.313085774819
-49.910702800129 0.313085774819
-49.910635407432 0.313087006942
-49.910635407432 0.313087006942
-49.899973474532 0.313125144136
-49.899875087560 0.313126983515
-49.897410499888 0.313171934072
-49.897312872195 0.313173749937
-48.924995079156 0.312810052093
-48.924971812626 0.312810386939
-48.913687923653 0.312888910500
-48.913687923653 0.312888910500
-48.913668105062 0.312889239953
-48.913668105062 0.312889239953
-48.903562263151 0.313082896159
-48.903538873915 0.313083235641
-48.892706102570 0.313154325336
-48.892706102570 0.313154325336
-48.892686441222 0.313154649680
-48.892686441222 0.313154649680
-48.886580726021 0.313079314938
-48.886580726021 0.313079314938
-48.886575793490 0.313079453290
-48.886575793490 0.313079453290
-48.866921477440 0.313321036289
-48.866921477440 0.313321036289
-48.866917098050 0.313321154749
-48.866917098050 0.313321154749
-48.859609773719 0.313272539710
-48.859609773719 0.313272539710
-48.859590397082 0.313272850967
-48.859590397082 0.313272850967
-48.848432665860 0.313354299428
-48.848400335438 0.313354878046
-48.841613699874 0.313482043069
-48.841613699874 0.313482043069
-48.841594010536 0.313482366076
-48.841594010536 0.313482366076
-48.831230198507 0.313547769606
-48.831197926925 0.313548345992
-48.154259306811 0.313024356021
-48.154164363203 0.313026193197
-48.150295286017 0.313050715334
-48.150295286017 0.313050715334
-48.150229881251 0.313051967997
-48.150229881251 0.313051967997
-48.149750606479 0.313036618821
-48.149655983072 0.313038444976
-48.144239106119 0.313092330847
-48.144239106119 0.313092330847
-48.144174435144 0.313093557028
-48.144174435144 0.313093557028
-48.141057985808 0.313109740151
-48.141057985808 0.313109740151
-48.141055893219 0.313109794418
-48.141055893219 0.313109794418
-48.132305782981 0.313162068150
-48.132305782981 0.313162068150
-48.132240913730 0.313163304678
-48.132240913730 0.313163304678
-48.131447488666 0.313217324684
-48.131447488666 0.313217324684
-48.131444358816 0.313217415658
-48.131444358816 0.313217415658
-48.128792563737 0.313182357390
-48.128702908069 0.313184052503
-48.119360659416 0.313329975991
-48.119360659416 0.313329975991
-48.119295174320 0.313331232931
-48.119295174320 0.313331232931
-48.114522510177 0.313373859915
-48.114432569166 0.313375563371
-39.904988106391 0.250599071618
-39.904984729534 0.250599177330
-39.904983678205 0.250599211348
-39.904980303601 0.250599316965
-39.897790642399 0.250644192225
-39.897790642399 0.250644192225
-39.897790247917 0.250644204909
-39.897790247917 0.250644204909
-39.897789044384 0.250644242241
-39.897789044384 0.250644242241
-39.897788671691 0.250644253966
-39.897788671691 0.250644253966
-39.877751763528 0.250769306231
-39.877751763528 0.250769306231
-39.877751626827 0.250769309480
-39.877751626827 0.250769309480
-39.877744883914 0.250769522519
-39.877744883914 0.250769522519
-39.877744691783 0.250769528214
-39.877744691783 0.250769528214
-39.866141411114 0.250843267236
-39.866141377754 0.250843268725
-39.866138397438 0.250843362051
-39.866138339404 0.250843364619
-39.866135374802 0.250843457221
-39.866135374802 0.250843457221
-39.866135361350 0.250843457823
-39.866135361350 0.250843457823
-39.850352201629 0.250940206369
-39.850352201629 0.250940206369
-39.850351496487 0.250940228345
-39.850351496487 0.250940228345
-39.850341213493 0.250940546808
-39.850341213493 0.250940546808
-39.850340468836 0.250940570527
-39.850340468836 0.250940570527
-39.833024770034 0.251047148194
-39.833024751405 0.251047149004
-39.832991194916 0.251048188488
-39.832991179688 0.251048189153
-39.765385245688 0.251482198170
-39.765385093286 0.251482204862
-39.765383814049 0.251482260328
-39.765383706082 0.251482265073
-39.748057705732 0.251588663503
-39.748057705732 0.251588663503
-39.748056934396 0.251588688395
-39.748056934396 0.251588688395
-39.747994533242 0.251590600407
-39.747994533242 0.251590600407
-39.747993880630 0.251590620073
-39.747993880630 0.251590620073
-39.720680923276 0.251757656007
-39.720680923276 0.251757656007
-39.720680068242 0.251757682843
-39.720680068242 0.251757682843
-39.720490658975 0.251763519017
-39.720490658975 0.251763519017
-39.720489750374 0.251763548173
-39.720489750374 0.251763548173
-39.700679547162 0.251880419054
-39.700679547162 0.251880419054
-39.700679150975 0.251880431739
-39.700679150975 0.251880431739
-39.700346907921 0.251890674824
-39.700346907921 0.251890674824
-39.700346672315 0.251890680559
-39.700346672315 0.251890680559
-39.693514751241 0.251924035618
-39.693513345805 0.251924080008
-39.693113958218 0.251936390823
-39.693112744850 0.251936426938
-39.602053825409 0.252460871167
-39.602053803136 0.252460872145
-39.601981372078 0.252463066053
-39.601981372078 0.252463066053
-39.601981359514 0.252463066580
-39.601981359514 0.252463066580
-39.601791440040 0.252468826553
-39.601791440040 0.252468826553
-39.601791335393 0.252468831076
-39.601791335393 0.252468831076
-39.601574116682 0.252475428603
-39.601574116682 0.252475428603
-39.601573902793 0.252475437930
-39.601573902793 0.252475437930
-39.601473680304 0.252478482277
-39.601473413063 0.252478493987
-19.933147000094 0.125420174842
-19.933146999634 0.125420174862
-19.933146999634 0.125420174862
-19.933146999476 0.125420174869
-19.933146998525 0.125420174911
-19.933146998524 0.125420174911
-19.933146998519 0.125420174911
-19.933146998518 0.125420174911
-19.933146997415 0.125420174960
-19.933146997415 0.125420174960
-19.933146996955 0.125420174980
-19.933146996206 0.125420175013
-19.933146996206 0.125420175013
-19.933146993893 0.125420175115
-19.933146993893 0.125420175115
-19.933146992935 0.125420175157
