E
-59.83915554485374
-59.5748565884167
-59.574856588416615
-59.30419986865336
-59.30419986865256
-59.30419986865245
-59.28956309549196
-59.28956309549083
-59.289563095490784
-59.02768061341439
-59.02768061341435
-58.78870332392099
-46.877287226824826
-46.84875274591054
-46.848752745910204
-46.80707675116103
-46.80707675116051
-46.75927895061703
-46.31970563154949
-46.31970563154939
-46.31970563154917
-46.31970563154917
-46.319705631549084
-46.319705631549006
-46.311317978383485
-4.706980054771023e-15
-3.676529352107971e-15
-2.1809957765194255e-15
-1.210604915888203e-15
-3.1321148538558347e-16
1.2449818936812847e-17
1.7652353596183578e-16
3.094953568392233e-16
4.202790418667251e-15
9.562096533107062e-15
1.02909282839254e-14
1.2116561090321051e-14
1.2686012066915944e-14
1.3975959932177128e-14
1.4356202559430134e-14
1.5652774663669598e-14
1.7476052751828432e-14
1.7539964076614e-14
2.8067972548090484e-14
3.159454554016882e-14
3.441460552303174e-14
3.480960121713871e-14
3.5399764094521513e-14
3.811779805481835e-14
5.1679684025230625e-14
