E
-45.4246635214735
-45.08075452346984
-45.0807545234696
-44.72468013025382
-44.724680130253795
-44.72468013025374
-44.690460296376685
-44.690460296375896
-44.69046029637582
-44.35072356139736
-44.35072356139703
-44.06762743430411
-35.796506389755706
-35.7448793809567
-35.74487938095656
-35.68446261486057
-35.68446261485993
-35.58843034607012
-35.32868150092642
-35.3286815009264
-35.32868150092633
-35.32868150092618
-35.32868150092597
-35.3286815009259
-35.308864059574354
-6.5989921771179424e-15
-6.334982489740611e-15
-6.122702903258421e-15
-6.0132588637300385e-15
-5.7561750186948995e-15
-5.263184168684129e-15
-4.832571799946119e-15
-4.784600155842321e-15
-6.83455134974638e-16
-2.2338991795842934e-16
-6.549649901240461e-17
7.062824413917145e-17
5.930521090031932e-15
9.321211433123474e-15
1.1104826863807014e-14
1.1310426790001556e-14
1.1685683601935637e-14
1.174113856521999e-14
1.2234520744499455e-14
1.4794877264177373e-14
1.5023780597761348e-14
1.8342644724333858e-14
2.115523971514777e-14
2.3209612699062814e-14
2.6328980480630073e-14
