E
-53.298724632985554
-53.00318586470891
-53.003185864708236
-52.6991721755216
-52.69917217552133
-52.69917217552104
-52.678288974717404
-52.678288974717105
-52.67828897471658
-52.38585889208887
-52.3858588920885
-52.126766427090395
-41.86758782420133
-41.831052295981564
-41.831052295981074
-41.781558948506735
-41.78155894850663
-41.71764387748423
-41.34433471288658
-41.34433471288652
-41.34433471288632
-41.34433471288629
-41.34433471288616
-41.34433471288573
-41.33231738101938
-8.008220747160934e-15
-7.197605201623906e-15
-6.838021473839687e-15
-3.553940374893975e-15
-1.5945028407228587e-15
2.1709908954721467e-15
2.9395059274596954e-15
3.2506346052040354e-15
4.404904485760771e-15
4.507394205234918e-15
5.057305976777319e-15
5.721058927355592e-15
6.0853883090099626e-15
8.265280614347417e-15
9.896336000417371e-15
1.1220406183121104e-14
1.1269659560474997e-14
1.1867865084097423e-14
1.8575956559605665e-14
2.131750876891166e-14
2.5417980513072e-14
2.6550561704821737e-14
3.380034214625902e-14
6.086375356700718e-14
6.434070253145297e-14
