E
-73.96114335669292
-73.74629517037518
-73.74629517037495
-73.52781934166988
-73.52781934166985
-73.52781934166937
-73.52015365106942
-73.52015365106857
-73.52015365106841
-73.3067487600236
-73.30674876002217
-73.10502728320697
-57.63065319015143
-57.612406771624016
-57.61240677162378
-57.58306543580046
-57.58306543579888
-57.55472197497082
-57.0203985610484
-57.02039856104822
-57.02039856104796
-57.020398561047934
-57.02039856104783
-57.020398561047706
-57.01603409807358
-5.1319085214585025e-15
-4.4301603234456215e-15
-4.058342764016179e-15
-1.8911787253979706e-16
9.205646794681151e-16
6.5800084530721435e-15
7.030733260132816e-15
7.482764242078905e-15
9.2148511043888e-15
1.0233161282600978e-14
1.0803005427098513e-14
1.3899842701421849e-14
1.4210790452110692e-14
1.7015667274302187e-14
1.9606859847893943e-14
2.1271140716181576e-14
2.1653735136265855e-14
2.2602970383453972e-14
2.4693972217882878e-14
2.5508366557327974e-14
2.601730299228962e-14
3.12985487406256e-14
3.3276575952795664e-14
5.817575075395647e-14
5.982866208019746e-14
