E
-25.770642205107343
-25.2170539311961
-25.217053931195966
-24.65380763899585
-24.653807638995524
-24.65380763899548
-24.451837435738682
-24.45183743573868
-24.451837435738415
-23.898994257417666
-23.89899425741747
-23.771724574801926
-20.241046021837835
-20.221711966196477
-20.221711966196416
-20.22171196619633
-20.22171196619626
-20.221711966196008
-20.221711966195954
-20.088183852017174
-20.08818385201707
-20.088183852017007
-20.088183852016968
-20.08818385201681
-20.08818385201673
-5.165618232351463e-15
-3.1249340841241602e-15
-2.392844438394211e-15
-1.8088560898071506e-15
-8.421162473779641e-16
-3.7986680064546284e-16
-3.247122900104258e-16
9.101723036580844e-19
3.031327264257229e-16
1.0880648839073252e-15
2.4024843472393485e-15
2.8895510402089748e-15
3.7683109401291394e-15
8.111177947021656e-15
8.158207252751302e-15
8.47592090255337e-15
9.16149322870545e-15
1.0356825370680938e-14
1.0460150815619664e-14
1.1273965232553631e-14
1.2434497883877859e-14
2.1711502332677746e-14
2.6036302883075982e-14
4.074249941338179e-14
5.438224561372435e-14
