E
-37.664611770575526
-37.25646503313251
-37.256465033132145
-36.83132417722309
-36.831324177222506
-36.83132417722227
-36.769974495569144
-36.76997449556905
-36.76997449556887
-36.36699686073823
-36.36699686073778
-36.071750169258536
-29.747245129483908
-29.669177811294283
-29.669177811294016
-29.600132729843462
-29.6001327298433
-29.444115641818154
-29.359272164748013
-29.359272164747843
-29.35927216474767
-29.35927216474766
-29.359272164747555
-29.35927216474717
-29.323468136943866
-4.97581988697374e-15
-2.6381109834719883e-15
-1.3967831004810235e-15
-8.154820845882594e-16
-8.13026094511674e-16
1.3635969875879752e-15
3.1635333071381205e-15
3.2178271027990156e-15
3.5077346637167026e-15
3.985618069166932e-15
4.32918169065323e-15
4.4992962382744585e-15
4.795744044831519e-15
5.8764887464031575e-15
5.996502352809017e-15
6.8818965494304826e-15
7.212163860931053e-15
8.080909846063922e-15
8.499283124384474e-15
1.9439252667560086e-14
2.1827211236610685e-14
2.2251824275933362e-14
2.5481677753100045e-14
2.601490026368385e-14
3.9636926678160244e-14
