E
-19.171130513167963
-18.519067017545222
-18.519067017545126
-17.939651489618814
-17.939651489618765
-17.939651489618413
-17.452989866403154
-17.45298986640307
-17.452989866402845
-17.25005913585196
-16.78504660393923
-16.785046603938866
-15.449820340261269
-15.449820340261187
-15.449820340261184
-15.449820340261168
-15.449820340261068
-15.449820340260976
-14.89273765274317
-14.892737652743147
-14.892737652743135
-14.892737652743131
-14.89273765274312
-14.89273765274297
-14.766422096280165
0.21428983120340028
0.214289831203408
0.21428983120341097
0.21428983120341982
0.2142898312034293
0.4007756647186696
0.40077566471867243
0.4007756647186807
0.40077566471868664
0.400775664718693
0.40077566471869375
0.4007756647186955
0.40077566471869625
0.4285796624068073
0.4285796624068166
0.42857966240681833
0.4285796624068186
0.4285796624068201
0.42857966240683204
0.5289997958413182
0.5289997958413277
0.5289997958413283
0.5289997958413298
0.5289997958413358
0.5289997958413446
