E
-13.101782523473586
-12.41472217225348
-12.414722172253427
-12.03055527144261
-12.03055527144255
-12.030555271442337
-11.789377636714276
-11.077892773058256
-11.0778927730582
-11.077892773058178
-11.077892773058178
-11.077892773058107
-11.077892773058098
-10.8960032848824
-10.896003284882388
-10.89600328488233
-10.177096902873515
-10.177096902873473
-10.170166152149609
-10.170166152149585
-10.170166152149573
-10.17016615214957
-10.17016615214956
-10.170166152149541
-10.005666676635109
2.9604697885935143
2.9604697885935187
2.9604697885935223
2.9604697885935267
2.960469788593534
2.9604697885935343
3.0848930121007534
3.0848930121007556
3.0848930121007556
3.084893012100757
3.0848930121007703
3.084893012100778
3.2838589153875484
3.283858915387567
3.2838589153875737
3.5141806284391572
3.5141806284391865
3.617118431617062
3.648167888239805
3.9733952848397265
3.9733952848397402
3.9733952848397722
3.973395284839793
3.973395284839796
3.9733952848398046
