E
-39.47710266997351
-39.085787197636776
-39.08578719763674
-38.67864189680581
-38.6786418968053
-38.67864189680527
-38.62567820354603
-38.62567820354568
-38.62567820354552
-38.239352976897
-38.23935297689609
-37.94448401863476
-31.16789042301427
-31.097585599483597
-31.097585599483587
-31.029809807203822
-31.02980980720351
-30.891784606033106
-30.758125349758238
-30.75812534975822
-30.75812534975809
-30.758125349757965
-30.75812534975795
-30.75812534975781
-30.72727421627471
-8.436025230485605e-15
-6.879550297015497e-15
-6.802984323364039e-15
-6.594685805001405e-15
-8.482797797526587e-16
-5.832841457676293e-16
1.4474309251070224e-15
3.0191398125776926e-15
3.888221924520763e-15
4.054839856156337e-15
4.917835783840771e-15
6.735124452863246e-15
7.327467674263025e-15
7.723719138632926e-15
7.821591201394213e-15
1.1333370290836044e-14
1.1411414800539704e-14
1.625233027235445e-14
1.7620324079681433e-14
1.8415063857976257e-14
1.9434947836793607e-14
2.600978727830422e-14
3.385141233317249e-14
3.61678235134334e-14
4.568506451396311e-14
