E
-59.37068220315319
-59.10436008792954
-59.10436008792933
-58.83155155823061
-58.831551558229656
-58.83155155822935
-58.81655802732098
-58.81655802732067
-58.81655802732019
-58.55269602475445
-58.552696024753814
-58.31232595658039
-46.519225876613035
-46.49021054766261
-46.490210547662414
-46.44802239917594
-46.448022399175656
-46.399277662728224
-45.96383921731165
-45.96383921731139
-45.963839217311325
-45.96383921731132
-45.963839217311154
-45.96383921731114
-45.95524479906997
-8.276582589421057e-15
-6.342043455466079e-15
-4.014645060542535e-15
-4.0130009574799706e-15
-2.405544035614685e-15
-2.0564668632811828e-15
-2.019555398658553e-15
-1.0802671112786104e-15
3.5016433355769692e-16
2.1143843930794624e-15
2.4987741959951277e-15
3.130278831291204e-15
5.392128596004896e-15
8.104991260383067e-15
1.1412894170664221e-14
1.3682516672617907e-14
1.4157961738454184e-14
1.774750826173005e-14
2.055835454294341e-14
2.2866005640058525e-14
2.327884739969769e-14
2.779011461186754e-14
3.3591304200387524e-14
3.4367484101756394e-14
4.985920933843939e-14
