E
-57.96636924160644
-57.693798329946134
-57.693798329945174
-57.41433585633272
-57.41433585633249
-57.41433585633126
-57.39820059418971
-57.39820059418969
-57.398200594189014
-57.128225905228675
-57.128225905227765
-56.8836285209746
-45.44523270994393
-45.41470050594472
-45.4147005059438
-45.37093286899233
-45.37093286899226
-45.319181704459304
-44.89664858445771
-44.89664858445757
-44.89664858445752
-44.896648584457274
-44.896648584457196
-44.89664858445698
-44.88739197949135
-3.2130730343614698e-15
-1.4180287442184028e-15
1.0671150141792222e-15
1.5845420305566496e-15
1.5909954755646337e-15
2.7126556952655102e-15
4.071017479583829e-15
4.095618875341978e-15
5.37202374381086e-15
5.6796184322709216e-15
6.309238917979868e-15
7.210827996380914e-15
1.102402153223337e-14
1.4996291396890378e-14
1.5731712620229647e-14
1.7324550467135165e-14
1.858816900261701e-14
2.207088734150441e-14
2.3152132069485622e-14
2.3374595654284288e-14
2.422014609010364e-14
4.1103956901958054e-14
4.2381754581636907e-14
4.91447896278435e-14
7.711430157804645e-14
