E
-80.11109707318839
-79.91250573486055
-79.91250573486029
-79.71100216242412
-79.71100216242382
-79.71100216242368
-79.7049889808119
-79.70498898081158
-79.70498898081112
-79.50757087184235
-79.50757087184085
-79.31925015525864
-62.295551753972404
-62.28011373304753
-62.280113733047244
-62.25461967468604
-62.254619674686005
-62.23127149093752
-61.66831873401345
-61.6683187340134
-61.668318734013326
-61.66831873401331
-61.6683187340129
-61.66831873401274
-61.664902084625275
-1.1393163387708573e-14
-1.1050652301220284e-14
-7.857477012893724e-15
-7.615825578733961e-15
-6.99884905150704e-15
-5.861214861169776e-15
-2.172398173692268e-15
-5.246367600390685e-16
3.584285516247944e-16
9.268200973365793e-16
6.871398794590578e-15
7.0330313686126275e-15
7.627794266680307e-15
1.2929190650851724e-14
1.9758720877131215e-14
2.126001253801078e-14
2.2924917019405776e-14
3.364020480636389e-14
3.6999581014253795e-14
3.71629847136122e-14
3.775307515703508e-14
4.2853972674391785e-14
4.660181304617084e-14
4.833669947590148e-14
6.195438237867551e-14
