E
-53.764469540568065
-53.47138814200265
-53.47138814200256
-53.17000779274763
-53.17000779274749
-53.17000779274739
-53.149676308502784
-53.149676308502244
-53.14967630850174
-52.85964820091588
-52.85964820091495
-52.602023080017524
-42.225173286057384
-42.18931331928801
-42.18931331928766
-42.14042326170037
-42.140423261700015
-42.07789683863069
-41.699183522786754
-41.699183522786335
-41.699183522786285
-41.69918352278621
-41.699183522785674
-41.69918352278551
-41.68748752006629
2.5220310039587907e-15
3.835803958019229e-15
3.85212192862275e-15
4.818836911716498e-15
5.172138036784735e-15
7.70189871722993e-15
7.809126906758864e-15
7.937130591808236e-15
8.737623531723312e-15
9.85835543028849e-15
1.039244804065481e-14
1.1693879399116216e-14
1.1698766657659478e-14
1.1870325441564268e-14
1.2162549016768309e-14
1.438786980931128e-14
1.7678109276635426e-14
1.7917849087477606e-14
1.9339092439526263e-14
1.9612324164489807e-14
2.0675228065651773e-14
3.0924344455371835e-14
3.690365798821598e-14
3.7114415331283165e-14
3.9831413221446374e-14
