E
-8.97053968907703
-8.396122408687713
-8.396122408687564
-8.229558990494002
-8.195928778365245
-8.195928778365207
-8.195928778365072
-8.04767277174914
-8.04767277174912
-8.047672771749056
-8.047672771749038
-8.047672771749028
-8.047672771749003
-6.978258661065045
-6.978258661064992
-6.9782586610649595
-6.978258661064955
-6.978258661064942
-6.978258661064924
-6.95240098989175
-6.9524009898917445
-6.952400989891734
-6.952400989891733
-6.952400989891717
-6.952400989891709
5.662069508590719
5.662069508590733
5.662069508590755
5.662069508590761
5.662069508590761
5.662069508590773
5.662069508590775
5.662069508590783
5.6620695085907835
5.662069508590804
5.66206950859081
5.662069508590841
6.618944089457007
6.6189440894570275
6.6189440894571
6.751214558914945
6.758763038519903
6.758763038519904
6.758763038519905
6.758763038519915
6.7587630385199375
6.758763038519962
6.786173032287696
6.78617303228782
7.254412516162316
