E
-68.29860802889603
-68.06628848770522
-68.06628848770517
-67.82947063000441
-67.82947063000412
-67.82947063000267
-67.81969990905183
-67.81969990905124
-67.81969990904992
-67.58914381349848
-67.58914381349842
-67.37360866522432
-53.32698771207796
-53.305416509660425
-53.30541650965982
-53.27179378353033
-53.27179378352977
-53.23734648714752
-52.73514853298641
-52.735148532986365
-52.73514853298629
-52.73514853298611
-52.735148532985626
-52.735148532985505
-52.729573030122125
-7.038202400381675e-15
-6.80486460350346e-15
-6.1337666689037595e-15
-5.815690061381542e-15
-5.4253852495690875e-15
-4.8948909183147154e-15
-4.4701592776713995e-15
-2.1560339080173588e-15
1.4025208197316585e-15
1.4203798312665377e-15
5.439268822546136e-15
6.503806977387664e-15
7.547930406010382e-15
1.3045573027093575e-14
1.4375898504198536e-14
1.829856519417181e-14
2.1316151955601147e-14
2.3890728916812287e-14
3.7828673878702785e-14
3.830458094811222e-14
4.6053165768054246e-14
4.6379221919235816e-14
4.943765434159345e-14
5.01585234352942e-14
5.1983955045589235e-14
