E
-38.11683509887767
-37.713004270102005
-37.71300427010185
-37.292465628269866
-37.292465628269845
-37.29246562826921
-37.23336546441745
-37.23336546441742
-37.233365464416885
-36.834665271433934
-36.83466527143365
-36.539290506905445
-30.102217123578512
-30.02620381232434
-30.026203812323867
-29.957399024367984
-29.957399024367746
-29.806168638820576
-29.708587910273003
-29.70858791027293
-29.708587910272893
-29.708587910272826
-29.708587910272524
-29.70858791027243
-29.674113210951084
-7.199731615840284e-15
-6.7361427300516855e-15
-6.081775490660248e-15
-5.371225337079067e-15
-2.4876650100705026e-15
-9.323483941172956e-16
-4.1498019749073917e-16
-1.1775529640216382e-16
-6.006242862955215e-17
-5.0218393547826104e-17
4.739338452390419e-16
3.514660909794068e-15
3.592590935555728e-15
4.440892098500626e-15
5.325925057554024e-15
5.721278030909879e-15
8.298833117623248e-15
9.438429284356826e-15
1.4556088364078427e-14
1.6757002309211254e-14
1.8208181830905527e-14
1.911896797870063e-14
1.9586732274419156e-14
2.0819820779228274e-14
3.047666179592499e-14
