E
-4.731567055022773
-4.731567055022763
-4.731567055022746
-4.731567055022737
-4.731567055022727
-4.731567055022726
-4.616227892564397
-4.462415670571428
-4.380105917731449
-4.380105917731431
-4.184029911448708
-4.1840299114486745
-4.184029911448632
-3.657578432983624
-3.6575784329836196
-3.6575784329836116
-3.6575784329835948
-3.6575784329835934
-3.6575784329835637
-3.64268775000847
-3.6426877500084687
-3.642687750008451
-3.642687750008449
-3.6426877500084474
-3.642687750008447
9.134796363111
9.134796363111008
9.134796363111052
9.25626579275923
9.256265792759237
9.256265792759246
9.25626579275927
9.256265792759274
9.256265792759349
9.609277433239438
9.609277433239448
9.609277433239471
10.216623269740609
10.216623269740621
10.21662326974067
10.216623269740692
10.216623269740769
10.216623269740786
10.763795210591919
10.919524360717997
10.919524360718137
10.919524360718142
11.244423429644952
11.244423429644982
11.916599635239127
