E
-54.69667758520271
-54.408398713983345
-54.40839871398224
-54.112160485843354
-54.1121604858427
-54.1121604858416
-54.092876021609925
-54.092876021609335
-54.09287602160862
-53.80754242299975
-53.80754242299958
-53.55284496315929
-42.94047100222403
-42.90590783195952
-42.90590783195901
-42.85820464887464
-42.858204648874526
-42.79833028185784
-42.40915195913068
-42.4091519591301
-42.409151959129986
-42.40915195912981
-42.40915195912972
-42.40915195912927
-42.39806539563112
-2.4949433592502954e-15
-2.4091261167584164e-15
5.622253522518656e-16
8.697034352997741e-16
2.112049950631042e-15
3.552713678800501e-15
3.6615242536121156e-15
5.444652236337e-15
9.008004806211554e-15
9.119153268297945e-15
1.0024094232626359e-14
1.004546526525872e-14
1.226287989428529e-14
1.2331672944470517e-14
1.2571225015484594e-14
1.4809492777452906e-14
1.5003062379684837e-14
1.6143507044531256e-14
1.793046004057655e-14
1.9064314687944627e-14
2.2021409756014412e-14
2.4294787893964797e-14
2.863903704801244e-14
4.782044953135905e-14
5.6241861991675436e-14
