E
-57.4986483502952
-57.22393269300969
-57.22393269300927
-56.9421837589864
-56.94218375898609
-56.94218375898545
-56.9256424552389
-56.925642455238446
-56.9256424552379
-56.65357015663551
-56.65357015663532
-56.407548434755455
-45.08730129861702
-45.05623728124668
-45.05623728124503
-45.01192877120312
-45.011928771202896
-44.95911681427543
-44.541060281013515
-44.54106028101314
-44.541060281012925
-44.54106028101282
-44.541060281012626
-44.54106028101252
-44.5315680089628
-2.3581025533269007e-15
-1.8207464033983596e-15
-1.309663041702774e-15
3.8548018836214596e-16
6.531922040797826e-16
8.229475760549427e-16
1.4028909120760338e-15
1.4403827673537793e-15
3.552702607022385e-15
5.937124390088587e-15
1.053595660928656e-14
1.219109032842031e-14
1.2691230047196761e-14
1.5194174068929422e-14
1.908534309560792e-14
1.9508978190078507e-14
2.1336500215939426e-14
2.361676036967285e-14
2.548888067156427e-14
2.60144779693903e-14
3.962727766563412e-14
4.5404309811501707e-14
5.354305586989639e-14
7.804546235973408e-14
1.2801194455367684e-13
