E
-34.965198225156286
-34.52957323562379
-34.529573235623786
-34.075414491219384
-34.075414491219284
-34.075414491219064
-33.99795126052647
-33.99795126052643
-33.997951260526165
-33.56759574350727
-33.56759574350693
-33.27733837890944
-27.620447411315904
-27.528169257664576
-27.528169257664196
-27.459236241065284
-27.459236241064982
-27.269725848836625
-27.26972584883658
-27.269725848836465
-27.269725848836337
-27.269725848836334
-27.269725848836014
-27.269660678002648
-27.22438815415601
-1.4014342222948179e-14
-9.377720029281157e-15
-8.50421357924739e-15
-7.086898084842418e-15
-6.687922389897918e-15
-6.61120924976506e-15
-4.702180480615047e-15
-3.5298292883962128e-15
-2.806323714630764e-15
-1.700480193790894e-15
1.1954757131177442e-16
1.1665357831134066e-15
1.4526177773912817e-15
3.591914037125368e-15
7.645193650958401e-15
8.419026187677282e-15
9.396234168337208e-15
1.2351491139888301e-14
1.3827142721846338e-14
1.5095105702887093e-14
1.7965143232526198e-14
2.1891206957858766e-14
2.9057312038483496e-14
3.1362534448508473e-14
5.474365212792137e-14
