E
-12.03382460431975
-11.359653495494527
-11.359653495494506
-11.028902231403256
-11.028902231403094
-11.028902231403054
-10.86496128209277
-10.302039184913498
-10.302039184913468
-10.30203918491344
-10.30203918491342
-10.302039184913413
-10.302039184913335
-9.736522733308034
-9.736522733307984
-9.73652273330797
-9.346642049699087
-9.346642049699069
-9.346642049699048
-9.34664204969902
-9.34664204969901
-9.3466420496989
-9.22105126376339
-9.221051263763373
-9.221051263763353
3.5669225934184405
3.566922593418452
3.5669225934184587
3.5669225934184605
3.5669225934184654
3.5669225934184787
3.5999999999999672
3.599999999999975
3.6000000000000005
3.6000000000000023
3.6000000000000028
3.6000000000000068
4.093161525233988
4.093161525234007
4.093161525234017
4.292152350285838
4.292152350285884
4.3770267265235505
4.518302200274468
4.655209519136932
4.655209519136939
4.655209519136944
4.655209519136957
4.655209519136964
4.655209519136994
