E
-36.762074458322445
-36.345073480383675
-36.34507348038329
-35.91052366196923
-35.91052366196883
-35.91052366196869
-35.84433108764897
-35.844331087648634
-35.84433108764794
-35.43256028570495
-35.43256028570436
-35.1381012079367
-29.03771090792541
-28.95528477886136
-28.955284778861248
-28.885950176578064
-28.88595017657796
-28.719718284946875
-28.661499377382384
-28.66149937738218
-28.661499377382068
-28.661499377381926
-28.66149937738191
-28.661499377381844
-28.622831955958237
1.307754977503712e-17
4.224361203048882e-17
1.595472956247805e-15
1.6626791511693397e-15
1.756166485897837e-15
1.818521974722219e-15
2.525939423493817e-15
2.8188889302637455e-15
3.6884927978398476e-15
3.73539187475629e-15
7.08774485236635e-15
1.552353592564137e-14
1.6493799496777467e-14
1.7526981722844354e-14
1.7998616760677618e-14
1.8900335927807732e-14
2.489872377681182e-14
2.6356771912848605e-14
2.7676785025511904e-14
2.8439962913168575e-14
3.174288212690085e-14
3.2967396025218746e-14
3.3548406650488154e-14
4.1459707108188256e-14
4.224377116859258e-14
