E
-71.59988508581596
-71.37807592201297
-71.37807592201229
-71.15230482151232
-71.15230482151111
-71.15230482151081
-71.14384330603221
-71.14384330603166
-71.14384330603137
-70.92360145428816
-70.92360145428773
-70.71629927006786
-55.837146320256025
-55.817614118864505
-55.817614118864476
-55.78658250535208
-55.786582505351596
-55.755901622897
-55.23420639725823
-55.23420639725798
-55.23420639725793
-55.23420639725782
-55.234206397257786
-55.234206397257694
-55.2293845409809
-5.365659989771429e-15
-4.056032956049676e-15
-3.415576028985926e-15
-2.626872586864472e-15
-6.739669830625647e-16
1.5183550717024275e-15
2.5009460882033847e-15
3.79820803202289e-15
4.856867823618001e-15
5.71683015048031e-15
7.0642901578896506e-15
1.2417504898324445e-14
1.3131088088066319e-14
1.4298878640193343e-14
1.6138626085595345e-14
1.6152596729744776e-14
1.707648759451634e-14
1.8477670734627905e-14
1.9383523759207177e-14
2.5429922034327084e-14
2.593669316912282e-14
3.118537965403125e-14
3.5730645762094274e-14
4.9671082105631125e-14
7.528835434308995e-14
