E
-55.629805184259
-55.34618427322675
-55.34618427322649
-55.05492769691243
-55.05492769691242
-55.054927696912294
-55.03662022534795
-55.03662022534779
-55.03662022534775
-54.75584027259349
-54.755840272592906
-54.50405598003521
-43.65593037524078
-43.62259575571017
-43.62259575570906
-43.57605226338048
-43.57605226337955
-43.51867343816334
-43.119465816029475
-43.11946581602895
-43.11946581602885
-43.119465816028686
-43.1194658160286
-43.119465816028224
-43.10894748396421
-1.1723363516129828e-14
-7.972130065549773e-15
-7.770383526541459e-15
-7.444618993941104e-15
-7.328083618041648e-15
-5.444260214458962e-15
-5.1453546240804476e-15
-3.239280859180576e-15
-1.646601823031347e-15
1.8497781100684063e-15
2.3063580932405174e-15
6.5894679072377244e-15
7.61478634495548e-15
1.1028909201189421e-14
1.345302367787726e-14
1.3603773763003462e-14
1.6346855073836825e-14
2.158045931074644e-14
2.21058485261869e-14
2.4773456488524264e-14
2.5089171053777466e-14
2.8650087705616724e-14
3.699622287816528e-14
3.766184596897391e-14
3.890076482844047e-14
