E
-4.502852715793999
-4.502852715793988
-4.502852715793978
-4.502852715793973
-4.502852715793969
-4.502852715793969
-4.3232058539394576
-4.206822583907342
-4.11717203959964
-4.117172039599582
-3.912000251235883
-3.912000251235866
-3.912000251235853
-3.4850503941683346
-3.485050394168324
-3.485050394168315
-3.485050394168299
-3.4850503941682875
-3.4850503941682875
-3.415831585295863
-3.4158315852958516
-3.415831585295837
-3.415831585295836
-3.4158315852958174
-3.4158315852957966
9.394108297111956
9.394108297111988
9.394108297112064
9.528058793719774
9.528058793719778
9.52805879371983
9.528058793719849
9.52805879371985
9.528058793719893
9.991978600967572
9.991978600967597
9.99197860096763
10.473339092777408
10.473339092777412
10.473339092777417
10.473339092777438
10.47333909277749
10.47333909277751
11.06819751600491
11.248785743922626
11.248785743922658
11.248785743922673
11.591329590964989
11.591329590965056
12.269139605166671
