E
-50.04579983387423
-49.73193658922041
-49.73193658921992
-49.40824399323501
-49.408243993234855
-49.408243993233924
-49.382887133002576
-49.38288713300252
-49.3828871330025
-49.07254536132532
-49.07254536132395
-48.80320912903478
-39.365788858971044
-39.32395007237065
-39.32395007237016
-39.27007050198904
-39.270070501988044
-39.19509646285138
-38.863165611879445
-38.863165611879005
-38.863165611878614
-38.863165611878465
-38.863165611878195
-38.863165611878145
-38.84853829238397
-7.361687463030681e-15
-6.791918408743256e-15
-6.7495986484352196e-15
-3.6936878428166e-15
-3.141935352058495e-15
-2.96021965316274e-15
-2.703813616436437e-15
-2.5534052139466777e-15
-2.09335471436254e-15
-1.8451629035223622e-15
2.53084128806335e-15
2.78060106522128e-15
4.706869024061305e-15
4.907003124876538e-15
5.6067698727956065e-15
5.6663355171991286e-15
8.661754118698746e-15
8.92514986931988e-15
1.12322223849137e-14
1.1585974481619408e-14
1.411295519304738e-14
2.1146510613535238e-14
2.873520115669908e-14
3.310836347039724e-14
9.127353936619396e-14
