E
-72.54408645533964
-72.32511341447638
-72.32511341447461
-72.10231666106786
-72.10231666106759
-72.10231666106736
-72.09418605479402
-72.09418605479377
-72.09418605479375
-71.87672921398087
-71.87672921398034
-71.67168884945525
-56.554498605263376
-56.53549641170006
-56.53549641169943
-56.50515620880499
-56.505156208803804
-56.475442474776145
-55.9485749950048
-55.94857499500479
-55.94857499500474
-55.94857499500465
-55.9485749950044
-55.94857499500422
-55.94394339545109
-8.900218328937673e-15
-4.185108383234574e-15
-2.7503724026052898e-15
-2.0486496491062927e-15
-1.9101131732993263e-15
-8.203553527106004e-16
-2.8055387574291615e-16
1.0100818144049503e-15
3.567368396513641e-15
5.347504650281674e-15
5.834582451766935e-15
9.731501791550248e-15
1.0763333821006513e-14
1.1087189084968121e-14
1.2012029463798556e-14
1.323851844991461e-14
1.8121221993359697e-14
2.1967596837518336e-14
2.217271049620746e-14
2.3188059697939646e-14
2.4818590693561314e-14
2.4845334880315538e-14
3.377107031372495e-14
3.786665223159662e-14
3.82014120810508e-14
