E
-18.77462975823894
-18.117304652918286
-18.11730465291824
-17.542891817293373
-17.542891817293274
-17.542891817293228
-17.02772443574186
-17.02772443574174
-17.02772443574169
-16.87771648730478
-16.35302414704705
-16.353024147047048
-15.164531422931999
-15.164531422931933
-15.164531422931926
-15.164531422931862
-15.164531422931816
-15.16453142293177
-14.581565659070831
-14.581565659070813
-14.581565659070806
-14.581565659070655
-14.581565659070648
-14.581565659070613
-14.432632990377233
0.29514755113468644
0.2951475511346887
0.29514755113468993
0.29514755113469315
0.2951475511347077
0.5536558295649368
0.5536558295649368
0.5536558295649384
0.5536558295649403
0.5536558295649421
0.553655829564943
0.5536558295649476
0.5536558295649494
0.5902951022693481
0.5902951022693592
0.590295102269371
0.5902951022693732
0.5902951022693763
0.5902951022693799
0.7320275463885104
0.7320275463885246
0.7320275463885292
0.7320275463885331
0.7320275463885366
0.7320275463885388
