E
-19.56971890830584
-18.923125370323582
-18.923125370323277
-18.33966260931297
-18.33966260931285
-18.33966260931273
-17.87995294288071
-17.87995294288055
-17.879952942880415
-17.62693618165045
-17.218943965737108
-17.218943965736834
-15.73671821042274
-15.736718210422646
-15.736718210422623
-15.736718210422598
-15.73671821042259
-15.736718210422483
-15.20582173466546
-15.205821734665399
-15.205821734665355
-15.205821734665308
-15.205821734665275
-15.205821734665115
-15.101520250819565
0.1337057495671381
0.13370574956714057
0.13370574956714343
0.13370574956714518
0.13370574956715603
0.24925084655882698
0.24925084655883192
0.24925084655883364
0.24925084655883875
0.24925084655883928
0.24925084655884078
0.2492508465588409
0.24925084655884394
0.26741149913427
0.267411499134271
0.26741149913427165
0.26741149913427437
0.26741149913427475
0.26741149913428575
0.3283533085749617
0.32835330857496486
0.3283533085749655
0.32835330857497347
0.32835330857498657
0.328353308574987
