E
-58.90239055379202
-58.63401579398411
-58.63401579398345
-58.359022822487724
-58.35902282248761
-58.35902282248677
-58.34366094152394
-58.34366094152393
-58.34366094152352
-58.07779079134968
-58.07779079134882
-57.83601957862057
-46.16119581718798
-46.131687525319904
-46.13168752531873
-46.08898006361916
-46.08898006361801
-46.03926145394337
-45.60803979197142
-45.60803979197131
-45.608039791970576
-45.608039791970555
-45.60803979197042
-45.60803979196992
-45.59923181463324
6.124184900675267e-16
3.087859888783494e-15
3.5121856693921834e-15
4.651093342398193e-15
4.96372692216781e-15
5.27660356072212e-15
7.895186597462733e-15
8.858793653795774e-15
9.197574559482598e-15
1.1582942442053597e-14
1.3139904124905818e-14
1.767055215335861e-14
1.8512329400033787e-14
2.0817572227288515e-14
2.1234934343577654e-14
2.3049556029963788e-14
2.456670888259807e-14
2.6422864864905902e-14
2.775384133205484e-14
2.8020308574226915e-14
3.2823545128028185e-14
3.752864219588475e-14
4.7949261597639994e-14
5.58459994757312e-14
1.2000251765065196e-13
