E
-69.24126057510298
-69.01204068144598
-69.01204068144553
-68.77848459451143
-68.77848459451081
-68.77848459451059
-68.76911383938833
-68.7691138393873
-68.76911383938729
-68.54159847783107
-68.54159847783097
-68.32846633507964
-54.04408030174084
-54.023122805611536
-54.02312280561148
-53.99026855639936
-53.990268556398966
-53.95696232853704
-53.44896002618229
-53.44896002618209
-53.44896002618201
-53.44896002618178
-53.448960026181695
-53.448960026181
-53.44361491465874
-4.7854337166521456e-15
-4.5268086974345645e-15
-2.611637624367517e-15
-1.792314780560879e-15
6.321919197334314e-17
2.3981072319518087e-15
3.2256605114861827e-15
4.016201782009599e-15
5.0794453529977805e-15
7.105427357600446e-15
8.157894005822286e-15
1.0019533225458925e-14
1.0133282958214761e-14
1.2112797020383424e-14
1.446123178189129e-14
2.0861683018649504e-14
2.2314025970514973e-14
2.3416181268739316e-14
3.0339912289459985e-14
3.7778624784130585e-14
3.8928008739299334e-14
5.222341700363698e-14
5.746181519381209e-14
6.028998232085468e-14
7.112591668215415e-14
