E
-28.78226207498757
-28.27149824998578
-28.27149824998544
-27.743173904960294
-27.743173904960063
-27.74317390495986
-27.600288717788565
-27.600288717788096
-27.600288717788068
-27.093160007880574
-27.093160007880474
-26.86978828840867
-22.685785707968478
-22.541413799845568
-22.54141379984553
-22.494923921083387
-22.494923921083366
-22.451696819087864
-22.451696819087843
-22.451696819087772
-22.45169681908777
-22.451696819087694
-22.451696819087193
-22.416225967398
-22.41622596739797
-5.002947981033669e-15
-4.898722229337139e-15
-4.87870722050635e-15
-4.820801459556899e-15
-3.097347525462738e-15
-1.9463091266637424e-15
-1.310049223332242e-15
-7.035058823109974e-16
-1.0524877070141684e-16
2.905830785815495e-16
6.675505204572167e-16
1.7078963143330223e-15
3.2096120931532586e-15
3.340033408593473e-15
4.5449599080597244e-15
5.3597096917681565e-15
5.5244329620453136e-15
8.524113279115288e-15
9.600539412712314e-15
1.0750733128235956e-14
1.0886265421161877e-14
1.0908303354518132e-14
1.2107522935395803e-14
1.3199429202951814e-14
1.9550388101764747e-14
