E
-17.988048674568688
-17.320940298652037
-17.320940298651944
-16.75954141913695
-16.759541419136866
-16.759541419136735
-16.182529677952612
-16.182529677952594
-16.18252967795254
-16.146551513026786
-15.495009069571292
-15.495009069571212
-14.598808716005943
-14.59880871600594
-14.598808716005859
-14.598808716005845
-14.598808716005836
-14.598808716005797
-13.965187244593357
-13.96518724459335
-13.965187244593265
-13.96518724459322
-13.965187244593217
-13.965187244593194
-13.769320254152364
0.50771487772982
0.5077148777298239
0.5077148777298296
0.5077148777298319
0.5077148777298355
0.863114713007278
0.8631147130072806
0.8631147130072833
0.8631147130072881
0.8631147130072889
0.8631147130072909
0.8631147130072931
0.863114713007294
0.9153880279418178
0.9153880279418234
0.9153880279418264
0.9153880279418308
0.9153880279418394
0.915388027941841
1.1443922306099465
1.144392230609952
1.1443922306099632
1.1443922306099699
1.1443922306099756
1.1443922306099767
