E
-77.27087807314744
-77.06509173175121
-77.06509173175078
-76.85608780603427
-76.85608780603407
-76.85608780603329
-76.8493776523923
-76.84937765239201
-76.849377652391
-76.64488059483783
-76.64488059483709
-76.45056781847074
-60.14222568216581
-60.125577822786184
-60.125577822785864
-60.098399921657794
-60.098399921657396
-60.072919093535425
-59.52248981618068
-59.5224898161806
-59.522489816180574
-59.52248981618007
-59.52248981618003
-59.522489816179835
-59.51867375013853
-6.325995140576582e-15
-2.7820790653104245e-15
-2.7764791016795593e-15
-1.2487830260045996e-16
9.55546031982758e-17
1.3719017617374452e-15
1.5337456882268431e-15
3.35672158794428e-15
4.124818300521976e-15
5.27820010159175e-15
6.402327006984585e-15
1.3664586178578583e-14
1.4562572567161987e-14
1.4591442714601377e-14
1.53056843499456e-14
1.6449698121894193e-14
1.918266198859027e-14
2.0136597478908217e-14
2.1069320567961293e-14
2.4349874598951735e-14
2.4699092538722803e-14
2.9299038748220005e-14
3.3009062353903015e-14
3.4877409759623415e-14
3.6486916148353116e-14
