E
-47.26903178727572
-46.93773728804271
-46.937737288042634
-46.59526999655579
-46.59526999655453
-46.59526999655436
-46.56502013091165
-46.565020130910405
-46.56502013091011
-46.23763146443561
-46.23763146443537
-45.95980965964182
-37.22346332774908
-37.17612030876289
-37.17612030876279
-37.11832333975702
-37.1183233397563
-37.031602076994105
-36.740867527593004
-36.74086752759264
-36.74086752759253
-36.74086752759242
-36.74086752759235
-36.74086752759211
-36.72337767781948
-1.422715335595294e-14
-1.0857468371721322e-14
-9.33338404653832e-15
-7.305841931252598e-15
-3.621841067317691e-15
-3.2955261801831006e-15
-1.4472037260445176e-15
6.655663132159831e-16
1.873382920761853e-15
9.094048657837996e-15
9.45071294694185e-15
9.857351364252483e-15
9.915866462812705e-15
1.2273472013075967e-14
1.4591121322707447e-14
1.5495450077564798e-14
1.7342636882361257e-14
1.7631389286161006e-14
1.8331860889371288e-14
2.844442394233821e-14
3.08424681191245e-14
3.346011498336294e-14
3.4557739803936324e-14
3.6744763237806484e-14
6.17397009440583e-14
