E
-76.32479538494495
-76.11649667844156
-76.11649667844017
-75.90486954938966
-75.90486954938949
-75.90486954938932
-75.89790333842848
-75.89790333842838
-75.89790333842832
-75.6909357515647
-75.69093575156329
-75.49455316276742
-59.42455955697092
-59.407476930083334
-59.40747693008283
-59.37970375691156
-59.37970375691139
-59.35344929091812
-58.80744786229964
-58.80744786229946
-58.80744786229941
-58.807447862299306
-58.80744786229888
-58.80744786229855
-58.80348492949589
-8.166564367599507e-15
-8.0626872643822e-15
-7.103310912562779e-15
-2.8030767546944426e-15
-1.8641550575078046e-15
-4.753950674199008e-16
-3.4486579411599674e-16
1.4170674679945383e-15
2.9884082356260533e-15
5.944636905819956e-15
7.417825919500528e-15
8.234394822968885e-15
1.0036199464866344e-14
1.44856189287263e-14
1.8404745431204277e-14
2.354262143204072e-14
2.4343787085029266e-14
2.6390829514787504e-14
2.7602106406373456e-14
2.954558515312945e-14
3.0173085708630443e-14
3.7775613215662485e-14
3.9077863473913505e-14
3.9563584495482325e-14
4.796163467900751e-14
