E
-2.0846066403743794e-14
-2.0580302006738694e-14
-2.0036811730787312e-14
-1.73052293078858e-14
-1.28968793268207e-14
-1.0676636746316625e-14
-8.019053544951205e-15
-5.626971921083875e-15
-4.461597472135546e-15
-4.101404259593683e-15
-3.0042903414673023e-15
-2.42225164893365e-15
-2.037978069280411e-15
-4.142378384364041e-17
2.290257377029837e-16
5.3390411223451e-16
2.6645352591003757e-15
2.6693846230114855e-15
3.5003035243828598e-15
4.257682458416238e-15
4.7329506911009465e-15
4.81164798868806e-15
5.5230884969670324e-15
5.6692010856856295e-15
5.8383910945987045e-15
15.662713410243834
15.731710133622181
15.731710133622217
15.73171013362222
15.731710133622277
15.73171013362231
15.731710133622524
16.218428502360204
16.218428502360258
16.218428502360325
16.218428502360396
16.21842850236043
16.218428502360496
17.946018104196124
17.946018104196156
18.265110935761687
18.595171158569695
18.59517115856979
18.595171158569848
19.013273069071317
19.013273069071406
19.01327306907141
19.601477486253398
19.601477486253405
20.23856207497851
