E
-26.624594244759837
-26.083513486321717
-26.08351348632145
-25.529587573393563
-25.52958757339345
-25.529587573393282
-25.34714686599746
-25.34714686599736
-25.347146865997153
-24.80784950156145
-24.80784950156106
-24.646334518377547
-20.937451896968785
-20.842947969596555
-20.842947969596494
-20.842947969596455
-20.842947969596395
-20.842947969596295
-20.84294796959611
-20.763969325245004
-20.763969325244783
-20.75936286488174
-20.759362864881535
-20.759362864881492
-20.75936286488147
-5.854254451062481e-15
-5.685819512018246e-15
-5.2755207528148285e-15
-4.660866915466247e-15
-4.566126842277897e-15
-3.8438084675842286e-15
-3.577347268737803e-15
-3.213924507523878e-15
-1.716979305913221e-15
-9.548862368394938e-16
1.4561720590608e-17
6.678114188128258e-16
2.2757710922111843e-15
3.808246417704445e-15
3.853001766232902e-15
4.242727553462556e-15
4.279980731727213e-15
4.6149240857478154e-15
8.95159549366485e-15
9.811626334694474e-15
1.2275498542251356e-14
1.4467120231314113e-14
1.470678708205532e-14
2.4801493765042744e-14
2.803137261443553e-14
