E
-11.334812463316485
-10.674435701547301
-10.674435701547237
-10.378138578880442
-10.378138578880355
-10.378138578880298
-10.262358019202493
-9.791849590095032
-9.79184959009501
-9.791849590094973
-9.791849590094948
-9.791849590094904
-9.791849590094884
-8.977949094074946
-8.977949094074859
-8.977949094074813
-8.807635893009447
-8.807635893009431
-8.807635893009383
-8.80763589300934
-8.807635893009325
-8.80763589300928
-8.706213486730048
-8.706213486730036
-8.706213486730032
3.9465103534593493
4.023672496715491
4.023672496715541
4.023672496715568
4.023672496715568
4.023672496715569
4.023672496715572
4.023672496715583
4.023672496715583
4.023672496715584
4.023672496715589
4.023672496715594
4.6413002823065
4.641300282306553
4.641300282306604
4.824628384268381
4.82462838426848
4.892240003912674
5.10967897077366
5.115139902030824
5.115139902030828
5.115139902030831
5.115139902030846
5.115139902030847
5.115139902030905
