E
-9.300465338612023
-8.7100035234369
-8.710003523436884
-8.51321085349893
-8.49932474442074
-8.499324744420587
-8.499324744420544
-8.293068347064596
-8.293068347064583
-8.293068347064583
-8.29306834706457
-8.293068347064521
-8.293068347064485
-7.234520127880216
-7.234520127880158
-7.2345201278801525
-7.234520127880129
-7.234520127880124
-7.234520127880092
-7.198598077083135
-7.198598077083117
-7.198598077083114
-7.198598077083106
-7.198598077083106
-7.198598077083104
5.424244028537303
5.424244028537306
5.424244028537307
5.424244028537314
5.42424402853732
5.424244028537324
5.42424402853733
5.4242440285373315
5.424244028537337
5.424244028537342
5.4242440285373466
5.42424402853736
6.330404369737191
6.330404369737201
6.330404369737295
6.480181486798678
6.495914989755402
6.495914989755481
6.520691744803788
6.5206917448038055
6.520691744803826
6.520691744803832
6.520691744803852
6.5206917448038935
6.940672678040734
