E
-69.71276220976024
-69.48506242715656
-69.48506242715544
-69.25310475788433
-69.25310475788416
-69.25310475788415
-69.24392586155066
-69.2439258615504
-69.24392586154995
-69.017902041217
-69.01790204121664
-68.805956114967
-54.402656059514435
-54.38199572758559
-54.381995727584545
-54.349517098826965
-54.34951709882644
-54.316761121377475
-53.8059289711911
-53.805928971191086
-53.805928971190745
-53.80592897119048
-53.80592897119047
-53.805928971190404
-53.80069432957703
3.88188846988523e-16
1.1463579948691163e-15
3.6153366147115995e-15
4.55761510626241e-15
6.7800155421054935e-15
7.020658058814337e-15
7.82860295544312e-15
7.92738005404454e-15
1.2189400868699495e-14
1.390819422445292e-14
1.4518873491261367e-14
1.7327134337871763e-14
1.776355338710009e-14
1.7834010166995428e-14
2.2035806488567567e-14
2.4276762369565444e-14
2.6706762471074758e-14
2.977829004548248e-14
3.2803906940214516e-14
3.444876243743759e-14
3.617300614985362e-14
3.877317703522194e-14
3.900617469048495e-14
5.3305079745688376e-14
1.4400944119705698e-13
