E
-60.307806503419215
-60.045501803899974
-60.04550180389954
-59.77696492396817
-59.77696492396791
-59.7769649239678
-59.76267376494157
-59.76267376494151
-59.76267376494126
-59.50274274871018
-59.50274274870891
-59.26514960556916
-47.235379114813334
-47.207313757026476
-47.20731375702594
-47.16614278479502
-47.16614278479479
-47.119265928995524
-46.67563743243032
-46.67563743243028
-46.6756374324302
-46.6756374324301
-46.675637432430044
-46.67563743242987
-46.667450015847876
-1.1628549967387295e-14
-9.298124216538253e-15
-7.561847644826087e-15
-7.466865706816629e-15
-3.2704710947461208e-15
-2.9309482376925345e-15
-9.517266800120905e-16
-7.011865814640432e-16
8.524513198248188e-16
2.6670304094359497e-15
3.2433949391227105e-15
3.2959075925448684e-15
3.990318383390148e-15
5.870713296318374e-15
8.300489024818603e-15
1.2409761027420781e-14
1.3762966051579863e-14
1.449216504379207e-14
2.1482762228940317e-14
2.1693684792965616e-14
2.1739773068022848e-14
2.5283747725467426e-14
2.7504820739850605e-14
3.4509416055131956e-14
6.450868989926088e-14
