E
-49.118943030812886
-48.79945738062951
-48.79945738062938
-48.46971388212787
-48.469713882127856
-48.4697138821278
-48.442850125244135
-48.44285012524352
-48.44285012524319
-48.12701135859528
-48.12701135859516
-47.85479577988522
-38.65144852238287
-38.60788505530392
-38.607885055302525
-38.55270980348698
-38.5527098034866
-38.474082733957374
-38.1552394337963
-38.15523943379601
-38.155239433796
-38.155239433795714
-38.1552394337956
-38.155239433795536
-38.13973134901577
-4.969268620392672e-15
-3.21547382964186e-15
-1.709527641581103e-15
1.9700988940331445e-15
3.00835196000325e-15
3.4101820716199552e-15
4.028138891468109e-15
4.63972665966487e-15
6.0097732054366314e-15
6.4157724705193656e-15
6.629005721372388e-15
7.107542566013155e-15
7.176588031398874e-15
7.453295398533918e-15
9.56510659326456e-15
9.927416877540347e-15
1.0748088372592379e-14
1.2101383520088343e-14
1.3957144447113368e-14
1.6592286485546945e-14
1.7410050183140997e-14
1.8194937524034377e-14
2.0295687013366017e-14
2.4685530313999653e-14
2.5320360399025985e-14
