E
-30.968889370126895
-30.48672564662229
-30.486725646622016
-29.985329107180267
-29.98532910718017
-29.985329107179957
-29.87185143020792
-29.87185143020776
-29.871851430207368
-29.394359035864447
-29.394359035864085
-29.133889026208156
-24.442585431109773
-24.320811853229426
-24.3208118532294
-24.260845981168046
-24.260845981167655
-24.161002834568468
-24.161002834568304
-24.16100283456812
-24.161002834567995
-24.16100283456785
-24.161002834567743
-24.094324279166678
-24.094324279166518
-2.949865117625214e-15
-2.7027222347283868e-15
-2.9897776700217965e-17
1.3231710429978051e-15
1.332279629916243e-15
2.424634349397575e-15
2.8873083083388493e-15
5.559512445394762e-15
6.432714841562234e-15
6.576539495131404e-15
7.192022933589545e-15
7.708951263950968e-15
8.111533102583401e-15
8.251701999649739e-15
1.0772686110656591e-14
1.255479203201319e-14
1.6145213921949578e-14
1.7232747992326065e-14
1.833015416497851e-14
1.8350483297914905e-14
1.965087450921189e-14
2.1757908938561703e-14
2.4098876436848302e-14
2.6044608260840253e-14
3.034282909508997e-14
