E
-70.6561047566503
-70.43138756057802
-70.43138756057749
-70.20256381782197
-70.2025638178214
-70.20256381782062
-70.19375328828181
-70.19375328828161
-70.19375328828066
-69.9706566274153
-69.9706566274146
-69.76105271682178
-55.11986450468707
-55.099780009596486
-55.09978000959619
-55.06803581199747
-55.0680358119969
-55.03634180126409
-54.519988984268046
-54.519988984267904
-54.51998898426767
-54.519988984267336
-54.51998898426713
-54.519988984266746
-54.51496635790322
-5.661626173423346e-15
-5.262922099104153e-15
-4.7097519348143764e-15
-3.7247647545798504e-15
-1.5453903788379507e-15
-3.177493404335917e-16
6.846873416309933e-16
1.6265502185980032e-15
8.704302098703895e-15
9.069746732674052e-15
1.0317885686368434e-14
1.1736980484738331e-14
1.4480608042560812e-14
1.578031566799846e-14
1.8383900829623482e-14
1.8630124841185454e-14
2.2293825004715096e-14
2.326060992557664e-14
3.0556497374825736e-14
3.3491430459495384e-14
4.298798558048126e-14
4.6223236084230234e-14
4.796779429381875e-14
5.603379118158755e-14
6.852096788459196e-14
