E
-7.359549557705089
-6.883715538962265
-6.883715538962107
-6.841977999843449
-6.838367416679029
-6.838367416679026
-6.838367416679006
-6.838367416678996
-6.838367416678967
-6.838367416678941
-6.715600377224988
-6.715600377224925
-6.715600377224886
-5.741627409546659
-5.741627409546639
-5.741627409546606
-5.741627409546606
-5.7416274095465925
-5.7416274095465925
-5.7416274095465845
-5.74162740954658
-5.741627409546566
-5.7416274095465605
-5.741627409546551
-5.74162740954655
6.8706425223369
6.870642522336902
6.870642522336902
6.870642522336904
6.870642522336906
6.870642522336918
6.893191904856189
6.893191904856263
6.893191904856265
6.893191904856277
6.893191904856292
6.893191904856357
7.966142331926569
7.966142331926584
7.966142331926591
7.966142331926602
7.966142331926623
7.966142331926658
8.095367095687429
8.095367095687532
8.095367095687557
8.135478232095306
8.292352428503916
8.292352428504005
8.861141078703378
