E
-13.462904987724345
-12.773422375330798
-12.773422375330686
-12.371576054393874
-12.371576054393852
-12.371576054393739
-12.103365834485594
-11.339419853784774
-11.339419853784737
-11.339419853784678
-11.339419853784646
-11.339419853784644
-11.33941985378461
-11.288045254458618
-11.288045254458481
-11.288045254458446
-10.566532967201368
-10.566532967201315
-10.448852112314107
-10.448852112314082
-10.448852112314082
-10.448852112314036
-10.448852112313991
-10.448852112313922
-10.270614499600098
2.795203535987914
2.7952035359879153
2.795203535987924
2.795203535987929
2.795203535987933
2.7952035359879623
2.914422377188477
2.914422377188479
2.9144223771884814
2.9144223771884903
2.914422377188498
2.914422377188507
3.017414527947181
3.017414527947198
3.017414527947218
3.2600977137306915
3.260097713730719
3.3625045689970863
3.367249535121886
3.7483145978283665
3.748314597828376
3.7483145978283883
3.7483145978284047
3.748314597828408
3.7483145978284096
