E
-81.05845589036063
-80.86215505679992
-80.86215505679958
-80.6630354504055
-80.66303545040539
-80.66303545040513
-80.65723313318186
-80.65723313318183
-80.6572331331809
-80.46206977039887
-80.46206977039766
-80.27567609603616
-63.01342993588402
-62.99836620540526
-62.99836620540515
-62.97340131182817
-62.97340131182723
-62.95070671093503
-62.38381562972477
-62.383815629724566
-62.383815629724545
-62.38381562972415
-62.383815629724026
-62.38381562972402
-62.38051971771555
-6.4937663578309974e-15
-5.8620647895698866e-15
-5.5421133595641676e-15
-4.433334535633228e-15
-2.487738727890417e-15
-2.0498129172529417e-15
-1.9301879659777535e-15
-1.7369695968554196e-15
-8.144916428197692e-16
2.3294272503065748e-15
3.632520446736442e-15
4.639734730428071e-15
5.899088852680343e-15
7.548278552111239e-15
1.0927372216509832e-14
1.2422514665682499e-14
1.2995742808197392e-14
1.4243411295237053e-14
1.4581606811205287e-14
1.638347679900728e-14
1.8072871528297882e-14
1.8202081378880535e-14
2.058210887883342e-14
2.7569510881512962e-14
3.242600261646287e-14
