E
-5.509095898229839
-5.424136639841247
-5.424136639841246
-5.424136639841212
-5.424136639841183
-5.424136639841177
-5.424136639841167
-5.239577859841972
-5.186141627765306
-5.186141627765212
-5.010713780348198
-5.010713780348132
-5.010713780348124
-4.331009500274321
-4.3310095002742806
-4.331009500274278
-4.331009500274278
-4.331009500274271
-4.331009500274269
-4.331009500274266
-4.331009500274263
-4.331009500274259
-4.331009500274259
-4.331009500274244
-4.33100950027424
8.36650940073349
8.366509400733495
8.366509400733507
8.45252712602124
8.452527126021241
8.452527126021263
8.452527126021286
8.452527126021293
8.452527126021323
8.478862766896563
8.478862766896698
8.478862766896718
9.454745841247494
9.454745841247496
9.454745841247558
9.454745841247572
9.454745841247602
9.454745841247647
9.866300775903145
9.951426134232754
9.951426134232786
9.95142613423281
10.22595103851924
10.225951038519264
10.874601722253447
