E
-71.12794126476484
-70.9046872359968
-70.90468723599476
-70.6773997848298
-70.67739978482977
-70.67739978482966
-70.66876610109522
-70.66876610109506
-70.6687661010948
-70.44710572634142
-70.44710572634135
-70.23865769272837
-55.47849642618107
-55.45869094024506
-55.458690940244914
-55.427305723297266
-55.42730572329706
-55.39612419793528
-54.87707841208721
-54.87707841208697
-54.87707841208688
-54.877078412086846
-54.87707841208677
-54.877078412086405
-54.872157529298796
-6.755019019598009e-15
-5.832848955877716e-15
-6.28896395696981e-16
2.8845145354734076e-15
4.751343427396112e-15
5.2760396514017834e-15
5.6259731854371256e-15
7.86579616915857e-15
8.606329736250281e-15
9.608884464156865e-15
1.0315896546879602e-14
1.0673073588416018e-14
1.18123686794884e-14
1.4139743868510713e-14
1.4916957041030965e-14
1.8884833933514763e-14
2.0542199557339638e-14
2.291373886683631e-14
2.4909799967556457e-14
2.5683339787463267e-14
3.1815225748067076e-14
3.184198089961217e-14
4.7802218488728115e-14
4.851220516502034e-14
5.370581406385147e-14
