E
-47.731013037577625
-47.402743712467235
-47.40274371246625
-47.06353763576117
-47.063537635760724
-47.06353763576046
-47.034184642619884
-47.0341846426197
-47.034184642619046
-46.70975552925038
-46.70975552924975
-46.43331080691622
-37.580368204855155
-37.53401416765228
-37.53401416765218
-37.47687469481504
-37.4768746948145
-37.392282767068586
-37.094266018715125
-37.09426601871512
-37.09426601871486
-37.09426601871457
-37.09426601871448
-37.09426601871429
-37.07730141002188
-2.239020911285916e-15
-1.7911590916279162e-16
2.70098810157994e-15
3.2439880115173294e-15
3.644856690307057e-15
3.7507989376881724e-15
3.861058061338577e-15
5.052676603680014e-15
5.561966825801187e-15
7.635661387476437e-15
8.292924580600213e-15
9.7480448822657e-15
1.0524380709505254e-14
1.1223912485194516e-14
1.3172687527106436e-14
1.5367819586656616e-14
1.5970938471019044e-14
1.8068764017017605e-14
1.8791852779096788e-14
2.0637573292017743e-14
2.1317378303121402e-14
2.1333378618227227e-14
2.5478824485001276e-14
2.6940793733118964e-14
4.498336981948647e-14
