E
-78.21729708240508
-78.01396481048334
-78.01396481048269
-77.80752111228907
-77.80752111228882
-77.80752111228782
-77.80105466976794
-77.80105466976735
-77.80105466976644
-77.5989714678124
-77.59897146781081
-77.40669184993814
-60.85994775216267
-60.84371839320733
-60.84371839320702
-60.81711838511581
-60.81711838511558
-60.79237867019272
-60.2376517995909
-60.23765179959064
-60.23765179959053
-60.237651799590374
-60.237651799590175
-60.23765179959014
-60.23397545650152
-6.688335898019747e-15
-3.981716967967428e-15
-8.844020147647695e-16
-5.316964544279273e-16
-8.443462490648716e-17
1.987556025237374e-15
2.964435724870053e-15
3.009652077111294e-15
3.413359782038788e-15
4.271996950909958e-15
7.136978784099347e-15
1.0769828336671249e-14
1.1061928556978231e-14
1.2417643230075304e-14
1.492108613010761e-14
1.887473771463348e-14
1.9575378947481632e-14
2.0807371662441696e-14
2.200369059678378e-14
2.8077067620820068e-14
2.9241733995414194e-14
3.366195977721811e-14
3.456490375951128e-14
3.651500978746942e-14
3.694049776503855e-14
