E
-80.58473935492914
-80.38729974984356
-80.38729974984246
-80.18699513134904
-80.18699513134884
-80.18699513134843
-80.18108863149341
-80.18108863149288
-80.18108863149278
-79.98480420293232
-79.9848042029321
-79.79745130648587
-62.65448468366702
-62.63923551781337
-62.63923551781282
-62.61400796985601
-62.61400796985573
-62.59098993724948
-62.02605396494348
-62.02605396494332
-62.026053964943074
-62.02605396494278
-62.026053964942626
-62.02605396494203
-62.02269840590438
-1.4112834591910915e-14
-1.3277127255888772e-14
-8.005557497631546e-15
-7.564245062232124e-15
-6.255995092291582e-15
-6.191124775560351e-15
-3.993405642819554e-15
-2.399617230682729e-15
1.4093980253918916e-15
5.176998371967057e-15
6.489576700673917e-15
6.7751943164612484e-15
7.250921991772705e-15
1.957072114709324e-14
2.1002266184835425e-14
2.2013557419527077e-14
2.2411864506043455e-14
2.5065978440329377e-14
2.5990108768028667e-14
2.8799645304832106e-14
3.362665464988616e-14
3.4013990062158907e-14
3.755847119981787e-14
4.0004128841077396e-14
4.690721586044599e-14
