E
-49.58221986093905
-49.265568111228454
-49.26556811122833
-48.938875147200704
-48.938875147200534
-48.93887514720053
-48.91277915250602
-48.912779152506
-48.912779152505514
-48.599711203916044
-48.59971120391498
-48.328930609876195
-39.008591148382855
-38.96590288469726
-38.965902884697066
-38.911377255339815
-38.91137725533953
-38.83460723828384
-38.509143857373026
-38.50914385737223
-38.509143857372166
-38.50914385737194
-38.50914385737193
-38.50914385737175
-38.49408461638018
-1.2285916692095863e-14
-1.085598142433947e-14
-8.761504422004454e-15
-7.479105026674668e-15
-4.519039704574948e-15
-2.5692554150550344e-15
4.213977469422768e-15
5.778354213294651e-15
7.44107091906181e-15
8.125172158817768e-15
1.455924472411238e-14
1.525953496232908e-14
1.859787053801601e-14
2.0054691122710212e-14
2.014044551406345e-14
2.2239123132397787e-14
2.399956535377396e-14
2.5308286734835054e-14
2.90124192371789e-14
3.108580345973688e-14
3.554719480300215e-14
3.6454652312274294e-14
3.8916777677379864e-14
4.263855338407766e-14
6.222523016374764e-14
