E
-38.56966989870518
-38.17008220055584
-38.17008220055525
-37.754076989699435
-37.75407698969881
-37.754076989698525
-37.69712040586128
-37.69712040586124
-37.697120405860936
-37.30262036920078
-37.30262036920014
-37.0072746755926
-30.457318616109415
-30.383281214201453
-30.383281214200853
-30.31477182385199
-30.314771823851338
-30.168128976862228
-30.058175407392405
-30.058175407392337
-30.05817540739232
-30.058175407392316
-30.058175407392138
-30.058175407392124
-30.024966961023278
-1.417512448598615e-14
-8.796815972983483e-15
-8.690584456253211e-15
-7.733370688532281e-15
-7.591128771247966e-15
-7.557909906563386e-15
-7.242960512187763e-15
-7.133593167261168e-15
-5.976925494592863e-15
-5.635487065611971e-15
-3.971790423834185e-15
-1.8890970187925794e-15
3.6024167789415156e-15
4.607692376174739e-15
4.872810135272559e-15
7.11690161607611e-15
8.29204258967313e-15
1.0538760141041332e-14
1.1967659756935656e-14
1.2413667540211828e-14
1.3179941470701147e-14
2.0373698692546172e-14
2.9898581945234045e-14
3.07481112980088e-14
4.096599028121144e-14
