E
-35.41333985143824
-34.982487381729555
-34.982487381729506
-34.533326185135124
-34.5333261851349
-34.53332618513452
-34.45889944522473
-34.45889944522471
-34.4588994452247
-34.03331893747086
-34.0333189374706
-33.741632049890626
-27.974521611048413
-27.88486114290759
-27.88486114290695
-27.81568310921999
-27.815683109219844
-27.632341859438107
-27.61716520535009
-27.617165205349927
-27.617165205349806
-27.617165205349746
-27.61716520534973
-27.61716520534946
-27.573625318184693
-5.363927834082838e-15
-4.57208159110711e-15
-1.963915996537027e-15
-1.4356275709093995e-15
-1.3750088337182523e-15
-7.198833447251024e-16
5.019979936739622e-16
2.3205145398355756e-15
3.227699842896662e-15
3.9101581156806165e-15
5.919859745226754e-15
6.421303366632192e-15
6.571452097534051e-15
9.65851967017996e-15
1.1055457659250916e-14
1.4990190835524857e-14
1.5405935852740047e-14
1.9646295137168344e-14
2.0099370784871867e-14
2.0483727320311685e-14
2.8581893432588276e-14
2.9276962645746814e-14
4.4658457477626616e-14
4.749507372028095e-14
5.4099693803842784e-14
