E
-14.19275867128119
-13.500918559719786
-13.500918559719626
-13.064742224964485
-13.06474222496447
-13.064742224964467
-12.74074946986816
-12.080092567404257
-12.080092567404156
-12.080092567404137
-11.866966518707452
-11.866966518707413
-11.866966518707393
-11.86696651870734
-11.866966518707324
-11.866966518707315
-11.356523187592902
-11.356523187592886
-11.012711230731616
-11.012711230731561
-11.01271123073153
-11.01271123073151
-11.012711230731487
-11.012711230731426
-10.805776901052255
2.4662646602465705
2.4662646602465745
2.4662646602465763
2.46626466024658
2.4662646602465808
2.4662646602465914
2.4893670142365893
2.4893670142366067
2.489367014236616
2.575310591097546
2.5753105910975695
2.575310591097583
2.5753105910975846
2.5753105910975886
2.575310591097615
2.7594295048206994
2.7594295048207007
2.7975422061150357
2.8726858237966564
3.3015321359159078
3.3015321359159353
3.3015321359159504
3.3015321359159593
3.3015321359159753
3.3015321359159824
