E
-56.09670017904777
-55.815355865648606
-55.81535586564846
-55.52653198138345
-55.52653198138342
-55.52653198138287
-55.50868854959306
-55.50868854959291
-55.50868854959218
-55.23013442274348
-55.23013442274257
-54.97979959165151
-44.013718053849914
-43.98097358812696
-43.98097358812658
-43.9349994894612
-43.93499948946097
-43.8788134040144
-43.47474670600456
-43.47474670600424
-43.47474670600409
-43.47474670600406
-43.47474670600353
-43.47474670600348
-43.46449810803042
-6.967452425648912e-15
-6.749508768383687e-15
-6.282103451285164e-15
-4.332076056614366e-15
-2.8866010287475155e-15
-1.9389836673523717e-15
-1.6743431913861875e-15
-1.1893141290883516e-15
-6.598214521032441e-16
1.6229811770506808e-15
2.098843652122165e-15
3.859585094294062e-15
9.690620402115401e-15
1.0430939887630215e-14
1.0613560311458594e-14
1.2498790824284045e-14
1.2700509834338748e-14
1.4775752388383038e-14
2.5584871511475143e-14
2.8110849187430907e-14
2.9942543354326013e-14
3.1104473938929567e-14
4.740654789051188e-14
4.752141001029453e-14
4.797282645408854e-14
