E
-66.41477381903235
-66.17600672498168
-66.17600672498057
-65.93239361841174
-65.93239361841107
-65.93239361841101
-65.9217524575862
-65.92175245758557
-65.9217524575855
-65.68487408538356
-65.6848740853833
-65.46441015896463
-51.89305015022373
-51.870168648716174
-51.87016864871564
-51.8349376425353
-51.83493764253517
-51.798033532075046
-51.30805662706924
-51.308056627069234
-51.308056627068964
-51.308056627068886
-51.30805662706865
-51.30805662706864
-51.30197929446646
-3.988666889157787e-15
-3.255862308247143e-15
-1.9919973199803938e-15
-1.4040973994397472e-15
1.9980705173241068e-16
8.057108010419323e-16
9.296462815944022e-16
1.7460199334448674e-15
3.032006914363306e-15
5.315117595780414e-15
7.539304509051836e-15
9.1602564969758e-15
9.172873241155538e-15
9.625821092556613e-15
9.708957789769702e-15
1.2104840145543874e-14
1.2393328494773205e-14
1.6648320177373667e-14
1.9511344578276252e-14
2.0136555783290915e-14
2.027856717418383e-14
2.3366497652561302e-14
3.095199819269676e-14
3.4407775753149625e-14
4.269747419116652e-14
