E
-22.414826701970057
-21.810366320131514
-21.810366320131504
-21.221279928600595
-21.221279928600474
-21.22127992860046
-20.911474422450407
-20.911474422450272
-20.91147442245017
-20.38858063156396
-20.30140032700834
-20.301400327008285
-17.78893562332874
-17.788935623328687
-17.788935623328626
-17.78893562332849
-17.788935623328392
-17.78893562332828
-17.47776363472443
-17.445602672055013
-17.445602672055013
-17.445602672054925
-17.44560267205486
-17.44560267205479
-17.445602672054708
-2.450611593418771e-14
-1.5324054837837278e-14
-1.3829397498946311e-14
-1.1199949244243218e-14
-7.133259403144551e-15
-5.505742357786158e-15
-5.191127425691129e-15
-3.3237301799715624e-15
-3.077331923600992e-15
-2.4102371261392812e-15
-1.7412393320001286e-15
-1.2942101803102047e-15
1.2559914626175908e-15
1.5530603144511804e-15
3.45870859118662e-15
3.892719480091955e-15
4.4969847631605624e-15
4.752450144660717e-15
6.326998952427942e-15
7.197806679177621e-15
1.1126518026594538e-14
1.2368949661939443e-14
1.765866393749903e-14
2.318507542788467e-14
2.936845353814964e-14
