E
-14.932624039434096
-14.24138423223587
-14.241384232235838
-13.773078903432207
-13.773078903432166
-13.773078903432163
-13.391442346069985
-12.882331580062187
-12.882331580062163
-12.882331580062099
-12.400632985478804
-12.400632985478719
-12.400632985478657
-12.400632985478639
-12.40063298547861
-12.400632985478568
-12.160522656260873
-12.16052265626086
-11.58539841864054
-11.585398418640484
-11.585398418640466
-11.585398418640438
-11.585398418640434
-11.585398418640413
-11.348102956560323
1.967652980002267
1.9676529800022746
2.1396582390251893
2.1396582390251915
2.1396582390251933
2.139658239025206
2.139658239025212
2.1396582390252132
2.1396582390252163
2.238615751198544
2.2386157511985476
2.2386157511985485
2.2386157511985494
2.2386157511985574
2.2386157511985623
2.2408287591241507
2.2684403149990082
2.2684403149990127
2.3850888896768554
2.8594111727975497
2.85941117279755
2.859411172797559
2.859411172797561
2.859411172797578
2.8594111727975835
