E
-1.4234564588969296
-1.4234564588969212
-1.42345645889692
-1.4234564588969167
-1.423456458896899
-1.4234564588968863
-1.1333636018894815
-1.133363601889478
-1.1333636018894684
-1.1333636018894655
-1.1333636018894628
-1.1333636018894542
-1.0718958238464908
-1.0718958238464809
-1.0718958238464804
-1.0718958238464733
-1.071895823846468
-1.0718958238464664
-1.0718958238464655
-1.0718958238464564
-0.8120640044132906
-0.7249300070044887
-0.7249300070044796
-0.7249300070044723
-0.7249300070044703
13.330561191025836
13.558853536616335
13.558853536616343
13.558853536616393
13.558853536616464
13.558853536616523
13.558853536616553
14.2252689759734
14.225268975973433
14.225268975973478
14.225268975973487
14.225268975973611
14.22526897597362
14.927814031215814
14.927814031215867
15.62322008634488
15.623220086344961
15.62322008634499
15.668968985009974
16.245143487153143
16.245143487153356
16.245143487153452
16.79555789326789
16.79555789326791
17.468539465092128
