E
-13.826569879846879
-13.135512104299677
-13.13551210429966
-12.716285396507438
-12.716285396507411
-12.716285396507365
-12.420452518502096
-11.682762582896736
-11.682762582896675
-11.682762582896629
-11.602437652823099
-11.602437652823026
-11.602437652822976
-11.602437652822967
-11.602437652822948
-11.602437652822893
-10.959713553322274
-10.959713553322251
-10.729690117182137
-10.72969011718208
-10.729690117182072
-10.729690117182052
-10.729690117182034
-10.729690117182013
-10.537310232787018
2.630458715688054
2.630458715688056
2.630458715688067
2.6304587156880728
2.6304587156880745
2.630458715688075
2.7445626465380193
2.7445626465380295
2.744562646538031
2.7445626465380326
2.744562646538034
2.7445626465380424
2.752590689204045
2.7525906892040553
2.752590689204059
3.0085315468214615
3.008531546821464
3.078974431333325
3.1191027274317347
3.524353503556776
3.52435350355678
3.5243535035567892
3.524353503556794
3.5243535035568154
3.524353503556821
