E
-24.50044983949046
-23.92783501482057
-23.927835014820413
-23.35228664915238
-23.352286649152088
-23.35228664915186
-23.116063580765577
-23.116063580765417
-23.116063580765324
-22.54225172619114
-22.542251726190457
-22.479341544843795
-19.29927075381775
-19.299270753817733
-19.299270753817666
-19.299270753817584
-19.299270753817584
-19.299270753817307
-19.200212364119263
-19.088667627418477
-19.088667627418413
-19.08866762741825
-19.08866762741817
-19.088667627418083
-19.088667627417912
-1.2122739059732149e-14
-1.1582734128830832e-14
-7.449526667885533e-15
-6.463598784882016e-15
-6.4068017908476874e-15
-4.6746611623497854e-15
-3.662582450909143e-15
-3.1254412969536376e-15
-2.468617359933123e-15
5.090416886713683e-16
9.675215364752027e-16
1.8191639284904983e-15
2.1711457002739672e-15
2.464744673547714e-15
8.207389279530087e-15
9.202083648123871e-15
1.1513924601758708e-14
1.2898749437900437e-14
1.295726926113584e-14
1.7398766295193835e-14
2.1916903933754795e-14
2.4373173797292482e-14
3.0736773386326646e-14
3.198582754218491e-14
5.218048215738236e-14
