E
-0.8001936393236921
-0.8001936393236904
-0.8001936393236903
-0.8001936393236876
-0.8001936393236814
-0.8001936393236792
-0.6443227461035755
-0.6443227461035601
-0.6443227461035579
-0.6443227461035532
-0.6443227461035472
-0.6443227461035352
-0.6049006649714244
-0.6049006649714211
-0.6049006649714125
-0.6049006649714087
-0.6049006649714082
-0.6049006649713999
-0.6049006649713985
-0.6049006649713853
-0.32216137305180254
-0.32216137305178605
-0.3221613730517836
-0.3221613730517831
-0.32216137305177955
14.32167515923439
14.478276743016863
14.478276743016897
14.47827674301698
14.478276743017034
14.478276743017068
14.478276743017107
15.069794056697742
15.069794056697807
15.069794056697821
15.069794056697871
15.069794056697873
15.069794056697905
16.209450421192276
16.209450421192297
16.754607887273348
16.886356952551587
16.886356952551594
16.886356952551687
17.411379485458983
17.411379485458994
17.411379485459193
17.983905776451234
17.98390577645125
18.64293362978247
