E
-25.345773198763016
-24.78587102203437
-24.7858710220343
-24.218267581481527
-24.218267581481463
-24.21826758148104
-24.005585410660867
-24.00558541066085
-24.005585410660565
-23.445834833820534
-23.4458348338201
-23.338164818297212
-19.912946237579558
-19.91294623757948
-19.912946237579362
-19.912946237579305
-19.9129462375793
-19.9129462375791
-19.89356895757879
-19.75399691395354
-19.75399691395353
-19.75399691395349
-19.75399691395342
-19.753996913953404
-19.75399691395313
-4.8662948006863314e-15
-3.669361550801957e-15
-2.660909658952915e-15
-2.0761484040753902e-15
-1.7665965799690936e-15
-5.789033082035736e-16
-4.968064404368886e-16
-5.425311533514732e-17
-1.0078991592754298e-18
8.134993172223171e-16
1.0854499237123772e-15
3.3846271897792302e-15
4.8011100526454115e-15
5.454286341861379e-15
5.4709281165260036e-15
5.6198625881918355e-15
6.40982305516717e-15
6.564838215655734e-15
6.623614505521991e-15
6.684735783661934e-15
7.10645963838944e-15
8.386937620695865e-15
1.0721860842487086e-14
1.6781132517497588e-14
3.874750419248664e-14
