E
-79.63753035206769
-79.43777410310462
-79.43777410310368
-79.23505739433985
-79.23505739433962
-79.23505739433945
-79.2289349567818
-79.22893495678159
-79.22893495678049
-79.0303703448807
-79.03037034487876
-78.84107312783586
-61.93663136732449
-61.92100098755968
-61.92100098755889
-61.89523649617469
-61.895236496174356
-61.87155125984866
-61.31061041077947
-61.31061041077907
-61.31061041077906
-61.31061041077904
-61.31061041077881
-61.31061041077838
-61.307131183983294
1.432946147204465e-15
1.6932307069691074e-15
2.200767573387663e-15
3.326264533270733e-15
3.9960485398147835e-15
5.578931002537188e-15
9.131029986629472e-15
1.0805109491707625e-14
1.1857512986722079e-14
1.2280333700135861e-14
1.2631881885668383e-14
1.795191239983532e-14
2.0218209025552525e-14
2.2291513013017604e-14
2.4378097680787723e-14
2.9233938198407066e-14
2.960987496500704e-14
3.16019447617398e-14
3.3050202799587726e-14
3.6294130807308636e-14
3.8392442283304175e-14
4.127651315470993e-14
4.850229451828596e-14
4.993672586646702e-14
6.743639377626036e-14
