E
-24.922362171411756
-24.356115185638703
-24.356115185638657
-23.78439928434639
-23.784399284346193
-23.784399284346186
-23.560315203810767
-23.56031520381069
-23.560315203810646
-22.993573275810043
-22.993573275809826
-22.907315060134003
-19.60545583359852
-19.605455833598267
-19.60545583359821
-19.605455833598143
-19.605455833598114
-19.605455833598032
-19.546613998775957
-19.420808115885915
-19.420808115885798
-19.420808115885592
-19.420808115885485
-19.42080811588546
-19.420808115885443
-8.29610045546505e-15
-7.294777302291393e-15
-6.827210087097953e-15
-5.5956066032691785e-15
-5.390972090464953e-15
-5.2002299786983295e-15
-3.5432777222576172e-15
-3.197155089543215e-15
-9.517597924537833e-16
2.9858381711848174e-16
1.0769315720086596e-15
1.6772728313673738e-15
1.8515906927994927e-15
2.1322844352466744e-15
3.1657041871993925e-15
5.0108897352952246e-15
5.101669804399355e-15
5.546762596594649e-15
5.7459468581703065e-15
8.477357722123339e-15
9.26938647366482e-15
1.1101610874153927e-14
1.1217951803660182e-14
1.4116488588144606e-14
3.1878471919997264e-14
