E
-52.83322711346937
-52.53519252726916
-52.53519252726904
-52.22850282435935
-52.22850282435931
-52.228502824359154
-52.207047982050526
-52.20704798205052
-52.20704798205026
-51.912178393542995
-51.912178393542504
-51.651617406058634
-41.51004618922142
-41.472816095228474
-41.47281609522841
-41.42271312210187
-41.422713122101754
-41.35736540935732
-40.989579481560774
-40.98957948156052
-40.98957948156043
-40.989579481560284
-40.98957948156024
-40.98957948156007
-40.97722908125427
-2.0269495120297323e-16
-9.345700506990568e-18
8.614055843129239e-16
9.82959189817701e-16
1.4179384011991942e-15
3.0100590740438272e-15
3.832757868836153e-15
7.62892587644081e-15
8.597564101831453e-15
9.543271307108993e-15
1.1970154659090872e-14
1.2106137897268239e-14
1.2731847064375375e-14
1.4216469938039936e-14
1.4275868403148545e-14
1.4891170089334065e-14
1.6462135777307094e-14
1.848301988540335e-14
1.9459215280945645e-14
2.1983476253002236e-14
2.3870525472317e-14
2.4524459490668272e-14
2.4989519812610327e-14
3.234296272483525e-14
4.437478418944475e-14
