E
-34.07120468873686
-33.6257976004689
-33.6257976004685
-33.16146612556265
-33.16146612556232
-33.161466125561866
-33.07743514282435
-33.07743514282435
-33.07743514282378
-32.63726241619016
-32.63726241619015
-32.35076698843896
-26.91282538611789
-26.81496733595814
-26.814967335957952
-26.74687666186446
-26.7468766618638
-26.57594183476666
-26.57594183476663
-26.5759418347666
-26.57594183476658
-26.5759418347665
-26.575941834766414
-26.54394283527711
-26.52671419804243
-7.046860098698745e-15
-5.646122927597192e-15
-4.365352256695133e-15
-3.39899244521945e-15
-3.0610846828803867e-15
-2.82918986837553e-15
9.730174460244975e-16
1.2265154979498744e-15
1.865452502567349e-15
3.7165780653125606e-15
5.1648273450366975e-15
7.551760642001435e-15
8.514973505815873e-15
8.762805966337404e-15
9.261525102070717e-15
1.1660411725976711e-14
1.2719791468546432e-14
1.444139354556608e-14
1.5096784723515292e-14
1.615064008924299e-14
1.8616322095576213e-14
2.1984476319420547e-14
2.428907985476755e-14
3.4676189080072766e-14
4.2639914955991436e-14
