E
-44.04540532289225
-43.691465926224815
-43.691465926224375
-43.32456757085728
-43.324567570857056
-43.32456757085697
-43.28691090640194
-43.28691090640183
-43.286910906401765
-42.9373449156897
-42.93734491568946
-42.650631830675096
-34.72704706221773
-34.67182135088325
-34.6718213508821
-34.60948366401867
-34.60948366401812
-34.505527232081064
-34.271151487195176
-34.27115148719516
-34.27115148719514
-34.27115148719485
-34.27115148719481
-34.27115148719478
-34.24931590237515
-3.13718987061062e-15
-3.0605429830811638e-15
-1.9155670840796e-15
3.684113287439242e-17
9.16566025786044e-16
2.0292602408561213e-15
3.707647315950068e-15
4.0608624203078e-15
7.775688065983762e-15
8.103906153197866e-15
8.228787571932271e-15
9.122953575975796e-15
9.27985904382553e-15
1.0204172603191646e-14
1.0383327442988492e-14
1.3029665198377371e-14
1.4172903023927277e-14
1.48815469536737e-14
1.742387553557918e-14
1.880159855883743e-14
1.9985243991177897e-14
2.5902265665090666e-14
3.0299055456161476e-14
4.6186665072689037e-14
5.260712378710871e-14
