E
-23.66128668620246
-23.075902941101376
-23.075902941101145
-22.49368443158337
-22.49368443158334
-22.493684431583134
-22.230770421890046
-22.230770421889854
-22.23077042188981
-21.642609660273088
-21.642609660273052
-21.632704203251524
-18.69093418279331
-18.690934182793296
-18.690934182793253
-18.690934182793207
-18.690934182793193
-18.690934182793093
-18.50920534851799
-18.42774363018482
-18.427743630184786
-18.42774363018472
-18.427743630184654
-18.427743630184615
-18.42774363018459
-1.0060771433044107e-14
-9.205278411891893e-15
-8.800694739092645e-15
-8.323252005958573e-15
-6.681480689774249e-15
-4.313507621556898e-15
-2.7765610440688224e-15
-1.4357302933656497e-15
-4.82987164269427e-16
-1.0991121380687304e-16
4.102343788573569e-16
1.1605695946382084e-15
1.4452020309297137e-15
2.2596850266310677e-15
3.2900534446981156e-15
4.594449938953996e-15
5.537780398769299e-15
6.591949208711868e-15
7.279259254061612e-15
7.710876864333974e-15
1.2070853258358994e-14
1.3237445648004401e-14
1.788295963791091e-14
2.505874437150281e-14
4.4490886669246166e-14
