E
-51.90299932153735
-51.599854516838995
-51.5998545168388
-51.28768120714691
-51.28768120714593
-51.2876812071457
-51.26501967301863
-51.26501967301788
-51.26501967301777
-50.96515520775232
-50.96515520775202
-50.70165760377216
-40.79509935526774
-40.756420241927486
-40.756420241927124
-40.70507988405764
-40.705079884057426
-40.63672766495765
-40.2803602307883
-40.28036023078813
-40.280360230788105
-40.2803602307879
-40.28036023078788
-40.280360230787686
-40.26730631394235
-9.204836882660148e-16
-8.760385971921757e-16
3.4588893717864147e-16
7.141486706580362e-16
7.235310172530029e-16
1.3148450310208112e-15
2.0158719150127032e-15
3.089688581765127e-15
3.153769916824396e-15
3.977500508306729e-15
5.214950215586911e-15
5.327597112515425e-15
9.381524476710368e-15
1.0387219920619102e-14
1.1148287039870916e-14
1.2839994608646232e-14
1.294362730099774e-14
1.3615445196717235e-14
1.5086894137542606e-14
1.5346080115273926e-14
2.0551356410064256e-14
2.7049265493500122e-14
2.7933178142423743e-14
3.145768122597209e-14
3.262057227266994e-14
