E
-17.210280979938616
-16.534587780165836
-16.53458778016579
-15.990369506777487
-15.990369506777464
-15.990369506777384
-15.43307316452727
-15.344868355098436
-15.344868355098372
-15.344868355098361
-14.645763576731655
-14.645763576731596
-14.039582441738622
-14.039582441738563
-14.039582441738535
-14.039582441738533
-14.039582441738528
-14.039582441738528
-13.35710270089176
-13.357102700891662
-13.357102700891613
-13.357102700891591
-13.357102700891566
-13.35710270089155
-13.11230121407088
0.8347371012493259
0.8347371012493364
0.8511422911471772
0.8511422911471941
0.9656034823957529
1.1769630290015485
1.1769630290015667
1.1769630290015691
1.176963029001573
1.1769630290015756
1.1769630290015767
1.1769630290015802
1.1769630290015844
1.2427297396349175
1.2427297396349313
1.2427297396349317
1.2427297396349344
1.2427297396349466
1.2427297396349561
1.5641202482601075
1.564120248260122
1.5641202482601244
1.5641202482601244
1.5641202482601246
1.5641202482601304
