E
-56.56380902400959
-56.284707329823654
-56.28470732982363
-55.99827843807742
-55.998278438077286
-55.998278438076795
-55.98088363355257
-55.980883633551485
-55.98088363355081
-55.70452227266389
-55.70452227266298
-55.455631367656196
-44.37154306458771
-44.33937340616119
-44.339373406160036
-44.2939616348903
-44.293961634889655
-44.23893342348033
-43.83010741832081
-43.8301074183208
-43.83010741832062
-43.830107418320544
-43.83010741832037
-43.8301074183199
-43.82011949611293
-1.0681722348621856e-14
-1.0266611613816485e-14
-8.587628401564813e-15
-7.904169222891037e-15
-2.6652190691820823e-15
-7.364438692665074e-16
-6.11885625570336e-16
3.5091656609862466e-16
2.311130819311658e-15
2.5165964724223715e-15
4.711743205281897e-15
7.104794585321181e-15
7.839136955550759e-15
1.1021987162565436e-14
1.5956052795364688e-14
1.6172479986010524e-14
2.0126927602172437e-14
2.046104038520312e-14
2.359976585344849e-14
2.558691641939691e-14
2.767213429831986e-14
2.927212327658402e-14
3.949762327327265e-14
4.5245514959725877e-14
5.567831795227544e-14
