E
-8.318454877319134
-7.779883211027331
-7.779883211027326
-7.6685202455290895
-7.596699713421737
-7.596699713421663
-7.596699713421634
-7.560469150875517
-7.560469150875477
-7.560469150875472
-7.560469150875461
-7.560469150875454
-7.560469150875423
-6.47045215633039
-6.470452156330388
-6.470452156330378
-6.4704521563303725
-6.470452156330343
-6.470452156330336
-6.464114374400148
-6.464114374400139
-6.46411437440013
-6.4641143744001255
-6.46411437440012
-6.464114374400115
6.13530211584514
6.13530211584515
6.135302115845156
6.135302115845157
6.135302115845169
6.141560073548632
6.141560073548644
6.141560073548649
6.14156007354865
6.141560073548657
6.141560073548664
6.141560073548673
7.202561999114933
7.202561999114951
7.2025619991149625
7.238265867416349
7.238265867416368
7.238265867416371
7.238265867416396
7.238265867416401
7.238265867416438
7.298992546203604
7.377474849129
7.377474849129022
7.88944568186034
