E
-0.3949554309172457
-0.39495543091722896
-0.3949554309172225
-0.39495543091722185
-0.39495543091721874
-0.394955430917215
-0.32107372878413126
-0.32107372878411566
-0.3210737287841142
-0.32107372878411233
-0.3210737287841105
-0.321073728784102
-0.29960243144076487
-0.2996024314407547
-0.299602431440754
-0.2996024314407529
-0.2996024314407442
-0.29960243144074183
-0.29960243144074045
-0.299602431440729
-0.16053686439206527
-0.16053686439206188
-0.1605368643920615
-0.1605368643920549
-0.1605368643920517
14.989680388289367
15.101251649118957
15.101251649119003
15.101251649119096
15.10125164911911
15.1012516491192
15.10125164911926
15.640907385632934
15.640907385632952
15.640907385633028
15.640907385633067
15.640907385633142
15.640907385633142
17.074109136209277
17.074109136209344
17.500806648939182
17.737446961078952
17.737446961078973
17.73744696107901
18.205971002707535
18.205971002707933
18.205971002708015
18.78818828424064
18.78818828424068
19.436626628328156
