E
-27.91547519638474
-27.39276998780234
-27.392769987802012
-26.853925717407176
-26.853925717407044
-26.853925717406714
-26.696634077653485
-26.696634077653453
-26.696634077653247
-26.176937829198767
-26.17693782919833
-25.97474647253742
-21.985308582970546
-21.830194861040816
-21.83019486104025
-21.791774307297548
-21.791774307297512
-21.78360557784511
-21.78360557784508
-21.783605577844995
-21.78360557784487
-21.78360557784465
-21.783605577844643
-21.772492867187147
-21.77249286718712
-5.359025788913461e-16
-2.9767979466502617e-16
1.6916766139305817e-17
9.564389698560015e-16
2.2581291396277078e-15
2.6543213951739094e-15
4.899125177888028e-15
7.100010386441814e-15
7.709545050807269e-15
7.999022748460757e-15
8.203771328506191e-15
9.482048027930908e-15
9.512380082025356e-15
1.0244356748125582e-14
1.1340764877548121e-14
1.3624638805998666e-14
1.4120586523019776e-14
1.4184571763451138e-14
1.589986306490559e-14
1.671476096143824e-14
1.7248951494479828e-14
1.767084876270283e-14
1.7763568394002505e-14
1.7765308963992465e-14
2.8446511475695733e-14
