E
-60.77663111994165
-60.51629234585474
-60.516292345854474
-60.24984398251855
-60.24984398251772
-60.24984398251747
-60.23588772221413
-60.23588772221394
-60.23588772221344
-59.97788067565622
-59.97788067565506
-59.7416628073827
-47.59350081177926
-47.5658932267576
-47.56589322675707
-47.52522018158859
-47.52522018158859
-47.4792391856794
-47.03163306863968
-47.03163306863894
-47.03163306863886
-47.03163306863872
-47.03163306863868
-47.0316330686386
-47.023639613450705
-5.686227735809017e-15
-4.6007319662681765e-15
-4.2958031758636445e-15
-1.4948666866589277e-15
1.5160067080757029e-16
1.9043195270485805e-15
2.4301775773175254e-15
2.879882671803557e-15
4.2412757730054316e-15
5.30552677002442e-15
6.825595370528087e-15
6.8326287880347094e-15
7.221318671756557e-15
9.24596153488855e-15
1.1447217444281071e-14
1.1697472378578101e-14
1.2138379761827656e-14
1.4253574113522663e-14
1.7578684480646853e-14
1.7871133857123193e-14
1.822372583454175e-14
1.9793945680901478e-14
2.1965974842921324e-14
2.406712898690674e-14
2.4395241152253475e-14
