E
-17.598044730491797
-16.926477197055892
-16.92647719705581
-16.37314095661591
-16.373140956615785
-16.373140956615636
-15.787636157460897
-15.76272532654456
-15.762725326544443
-15.762725326544357
-15.069232659035796
-15.069232659035753
-14.318383020802802
-14.318383020802791
-14.318383020802786
-14.318383020802784
-14.31838302080269
-14.318383020802505
-13.660085252972674
-13.660085252972628
-13.660085252972594
-13.66008525297255
-13.660085252972502
-13.660085252972463
-13.439976520926736
0.6703191098541836
0.6703191098541867
0.670319109854192
0.6703191098541996
0.7356205363279578
1.0195275243798423
1.0195275243798532
1.0195275243798563
1.0195275243798587
1.0195275243798625
1.0195275243798747
1.0195275243798774
1.0195275243798778
1.0787753826796171
1.0787753826796198
1.078775382679621
1.0787753826796225
1.078775382679637
1.0787753826796458
1.35340121824769
1.3534012182477078
1.353401218247722
1.3534012182477222
1.3534012182477257
1.3534012182477262
