E
-35.862214265588975
-35.43605613164051
-35.43605613164016
-34.991830113316794
-34.99183011331668
-34.991830113316546
-34.920288068839454
-34.920288068838694
-34.920288068838296
-34.49939561271281
-34.49939561271281
-34.206546653726356
-28.328761444901456
-28.24161188589655
-28.241611885896162
-28.172291653447854
-28.17229165344759
-27.99490944245805
-27.96494970559023
-27.96494970559022
-27.964949705590165
-27.964949705590058
-27.964949705589973
-27.964949705589618
-27.923117292793307
-1.2397825792586132e-14
-6.987690810552833e-15
-3.916511791868841e-15
-3.1893170167185123e-15
-2.9637900015933405e-15
-2.216536470722467e-15
-1.384192882609813e-15
-1.1560587064709018e-20
6.024642640475803e-16
3.2156266468394232e-15
3.531524064660376e-15
3.64312990372036e-15
3.9481573956863306e-15
9.124851161677608e-15
9.230548058770083e-15
1.0859192476370796e-14
1.1337933451645163e-14
1.1488478975450596e-14
1.5216838968544485e-14
1.792924404337692e-14
1.794526983667854e-14
2.3017302181129998e-14
3.5177394223748074e-14
3.680269454761351e-14
3.763589258330375e-14
