E
-33.6254003298659
-33.174982673069024
-33.17498267306888
-32.70548192885663
-32.70548192885661
-32.7054819288565
-32.617898178499566
-32.61789817849884
-32.617898178498294
-32.17268016413824
-32.17268016413802
-31.888573158367578
-26.559293379629015
-26.45845997550218
-26.45845997550204
-26.390991095209156
-26.390991095209035
-26.229628855716758
-26.229628855716683
-26.229628855716673
-26.229628855716662
-26.22962885571661
-26.229628855716445
-26.180898784842952
-26.17829636692376
-2.916822805833537e-15
-2.8402377527113834e-15
-1.067253535456296e-15
-7.096926817702823e-16
1.1566787564906727e-15
2.3564190737844757e-15
4.18516780088396e-15
5.525055550419167e-15
6.56016935913443e-15
1.0248184950722547e-14
1.0674506190401819e-14
1.1130478605329009e-14
1.201627417103251e-14
1.2685450700899313e-14
1.3459370410648955e-14
1.386919951542685e-14
1.3914055771338706e-14
1.4679087368350068e-14
1.51922940088621e-14
1.5911108955584128e-14
1.6874392562713126e-14
2.0137682609492348e-14
2.2883551822253208e-14
2.7509703520530084e-14
2.9450760153353486e-14
