E
-58.43428479291762
-58.16382730494492
-58.16382730494476
-57.88661658289658
-57.88661658289595
-57.88661658289566
-57.870874289245926
-57.870874289245364
-57.870874289245236
-57.60296677748628
-57.602966777485754
-57.359786350203144
-45.803197826786565
-45.7731840509537
-45.773184050953475
-45.729950096649475
-45.72995009664921
-45.679229688338175
-45.25230901083036
-45.25230901083023
-45.252309010830004
-45.25230901082988
-45.25230901082984
-45.25230901082966
-45.24328040194134
-4.056881988904893e-15
-3.2214774042809573e-15
-2.321627543471114e-15
4.236566629266148e-15
5.598071455160408e-15
6.761343315667387e-15
7.160689543066167e-15
7.291627534837521e-15
7.351541419210156e-15
1.2313118333301503e-14
1.366401080190326e-14
1.3893958784795007e-14
1.4330952890251537e-14
1.46924195263967e-14
1.639298808849362e-14
1.8644198430173458e-14
1.9269717447242838e-14
2.0435569058112412e-14
2.292156510341413e-14
2.363916321236236e-14
2.3987745810270457e-14
3.5778162015244203e-14
4.038050817791029e-14
4.4502952564309476e-14
6.594981669214982e-14
