E
-75.37906147855507
-75.16819008462103
-75.16819008461981
-74.95387450391488
-74.95387450391478
-74.95387450391397
-74.94663910150778
-74.94663910150727
-74.94663910150723
-74.7371423584478
-74.73714235844773
-74.53865268614574
-58.70695149704953
-58.68941698736731
-58.68941698736702
-58.66103056728488
-58.66103056728311
-58.63396806822265
-58.09253049012097
-58.092530490120886
-58.09253049012082
-58.09253049012074
-58.09253049012037
-58.0925304901203
-58.088413086534885
-1.366215099000575e-14
-1.1877101505232661e-14
-1.1258940656557262e-14
-2.471228934862619e-15
-1.087142932630564e-15
-4.753728827060637e-16
-3.3569684766742063e-16
5.88396445579174e-17
5.080205956239549e-15
6.686599955070509e-15
7.190296773727662e-15
1.040681956690874e-14
1.4593432842725213e-14
1.5053309593450814e-14
1.645452247883985e-14
1.7024144215001214e-14
2.3932978999628215e-14
2.5020443193678046e-14
2.557838336382443e-14
2.8238698965281792e-14
2.889967855747932e-14
3.4059982941660106e-14
3.4882328870201826e-14
4.370062686945425e-14
5.95370121057295e-14
