E
-7.0449748467993825
-6.599925654150178
-6.599925654150174
-6.5999256541501525
-6.599925654150152
-6.599925654150152
-6.599925654150128
-6.592275664827941
-6.592275664827919
-6.570317437070291
-6.42634837810603
-6.426348378106017
-6.426348378105953
-5.503378252021554
-5.503378252021542
-5.5033782520215375
-5.503378252021537
-5.503378252021534
-5.503378252021531
-5.503378252021529
-5.503378252021527
-5.503378252021526
-5.503378252021519
-5.503378252021515
-5.472841464311707
7.116377835241144
7.116377835241147
7.116377835241156
7.11637783524116
7.116377835241187
7.116377835241202
7.14892138871258
7.148921388712594
7.148921388712601
7.148921388712603
7.14892138871264
7.148921388712681
8.211135051881332
8.211135051881339
8.211135051881344
8.21113505188138
8.211135051881385
8.211135051881401
8.39790448962685
8.397904489626907
8.397904489626969
8.418423479452615
8.604947188149541
8.604947188149573
9.190201476446353
