E
-3.153629617148094
-3.1536296171480838
-3.153629617148081
-3.1536296171480775
-3.1536296171480753
-3.1536296171480522
-2.709374244493379
-2.6110686508193055
-2.594707437753522
-2.594707437753522
-2.4628118136895867
-2.462811813689577
-2.4628118136895703
-2.462811813689559
-2.462811813689558
-2.4628118136895556
-2.357123485871634
-2.357123485871634
-2.357123485871629
-2.357123485871627
-2.3571234858716266
-2.3571234858716243
-2.314764769905068
-2.314764769905066
-2.31476476990506
10.985748834330076
11.20261764139618
11.202617641396232
11.20261764139625
11.202617641396253
11.202617641396259
11.202617641396333
11.623017661777801
11.623017661778073
12.04416811761186
12.044168117611889
12.04416811761193
12.044168117611948
12.044168117611957
12.044168117611965
12.346398954689885
12.346398954689949
12.346398954690006
12.956121448000081
13.29915296817664
13.299152968176717
13.29915296817676
13.746328914802433
13.746328914802481
14.438276655789107
