E
-41.2985545411199
-40.92295876961006
-40.92295876960988
-40.532710119960164
-40.532710119959326
-40.53271011995913
-40.48669977632525
-40.48669977632512
-40.486699776325054
-40.11586565976981
-40.11586565976904
-39.823311139617495
-32.590384781408815
-32.526761739605256
-32.526761739605206
-32.460892294979836
-32.46089229497952
-32.338121637368104
-32.16086897411409
-32.16086897411401
-32.16086897411395
-32.16086897411382
-32.160868974113754
-32.160868974113534
-32.13411798661719
-7.687571738843743e-15
-5.867034739691818e-15
-5.5934621690114835e-15
-3.093792696655703e-15
-2.4555010802451704e-15
-2.1010322336834717e-15
-1.450540550000761e-15
9.574556470632185e-16
1.2184664283434143e-15
3.2741806738697467e-15
3.299139009727045e-15
4.833466055919361e-15
5.353012216773175e-15
5.896183797457307e-15
8.7432281590605e-15
9.766306359640194e-15
1.0546809813013769e-14
1.2777123302767146e-14
1.9054508585363788e-14
2.1350096328380688e-14
2.919109124433478e-14
3.146117471250646e-14
3.305122106060439e-14
4.263921950349939e-14
6.464160849872704e-14
