E
-41.755198862035684
-41.38336790138489
-41.38336790138464
-40.997174351183084
-40.99717435118285
-40.99717435118277
-40.95271370474009
-40.95271370473898
-40.95271370473883
-40.585582327227954
-40.585582327227385
-40.293834717590634
-32.94626628743981
-32.884167817761046
-32.88416781776075
-32.81884348503432
-32.81884348503424
-32.6995198621911
-32.512098879193495
-32.51209887919346
-32.512098879193346
-32.51209887919319
-32.512098879192756
-32.51209887919259
-32.48626070141837
-3.613333740990107e-15
-2.9124690959887404e-15
-2.2508476110405792e-15
-9.675327237154225e-16
1.4306317988516069e-15
2.2022270857618933e-15
3.3206242824108444e-15
4.637174858573542e-15
5.004610516285898e-15
5.228690339587438e-15
6.642111346881214e-15
8.680050842321592e-15
9.450419171198018e-15
1.1425955235047081e-14
1.3532630870183334e-14
1.450044269241595e-14
1.465128825335578e-14
1.5366919216051017e-14
1.9539925233402755e-14
2.2109508099619586e-14
2.5654173607783232e-14
2.7195107637989882e-14
2.7844767850380275e-14
3.118351565765835e-14
3.543823162230456e-14
