E
-64.53304014813321
-64.28747305767021
-64.28747305766873
-64.03667810377608
-64.03667810377605
-64.03667810377598
-64.02506069435177
-64.02506069435104
-64.02506069434963
-63.7815182283122
-63.78151822831205
-63.55596205653946
-50.45946731754394
-50.43515369278198
-50.43515369278123
-50.398214842025304
-50.39821484202516
-50.35859471800499
-49.88172537237903
-49.88172537237898
-49.881725372378824
-49.88172537237879
-49.88172537237865
-49.88172537237846
-49.875084540641865
-5.995455037342112e-15
-4.552883019498026e-15
-4.322915374181213e-15
-2.6968930533896605e-15
-1.2561971104393595e-15
1.2097094887028135e-15
1.5967571447297073e-15
2.2788260440244125e-15
5.237972876556081e-15
6.5493140308235865e-15
6.6983043375888175e-15
7.0514896975250315e-15
8.916706028498684e-15
1.1210991065591356e-14
1.1904230940543333e-14
1.3903350078165042e-14
1.6665412586524936e-14
1.696444412042772e-14
1.840055364649644e-14
2.237445290185809e-14
2.4017524151666002e-14
2.5228144227880995e-14
2.7030952208375284e-14
4.097985291279276e-14
5.772030019602263e-14
