E
-23.244119661918003
-22.652355114779578
-22.652355114779333
-22.067383068018906
-22.067383068018863
-22.067383068018852
-21.789809805898173
-21.78980980589792
-21.789809805897896
-21.21438350336001
-21.19438636367409
-21.194386363673964
-18.3888398694835
-18.388839869483462
-18.388839869483387
-18.38883986948307
-18.38883986948305
-18.388839869482908
-18.16467432001789
-18.09907170587061
-18.099071705870596
-18.099071705870468
-18.09907170587043
-18.099071705870326
-18.099071705870106
-9.32393643536177e-15
-9.127941772234778e-15
-8.501649049832853e-15
-4.651972469813462e-15
-4.159244199065961e-15
-3.631894875609725e-15
-2.992020738229564e-15
-1.555422773386567e-15
-3.7776389233084277e-16
5.999472479867871e-16
3.420608214132797e-15
5.246335309949872e-15
6.059076355757793e-15
6.958553043045705e-15
7.28717804369042e-15
1.159234904975781e-14
1.1601826306446496e-14
1.1694451139159733e-14
1.226796442210798e-14
1.230362340876851e-14
1.3156068552181922e-14
1.4345335429688206e-14
1.7385360382814054e-14
1.7837824253846005e-14
2.1321283487662253e-14
