E
-31.40932402926735
-30.932650686381606
-30.93265068638146
-30.436645446838348
-30.43664544683816
-30.436645446837684
-30.32810268448332
-30.328102684483213
-30.328102684482825
-29.856234084521805
-29.856234084521052
-29.59050967065058
-24.79478465523954
-24.676913536180464
-24.67691353618011
-24.615157474176662
-24.615157474176517
-24.504571073672206
-24.504571073671926
-24.50457107367188
-24.504571073671833
-24.504571073671798
-24.504571073671727
-24.440817253009378
-24.440817253009275
-7.73694846782637e-16
-7.590027694431789e-16
-5.302300636130785e-16
-9.549803843400164e-18
3.053586347567141e-16
4.788491686886127e-16
1.1278486748523957e-15
5.343387391248784e-15
6.728606826138355e-15
7.976292553056918e-15
1.1329299513069846e-14
1.1455031807529121e-14
1.2213526808073381e-14
1.2426330647119266e-14
1.2813663038813666e-14
1.645783347904914e-14
2.039674336873226e-14
2.0558375003774506e-14
2.315173953900105e-14
2.6111573451880813e-14
2.624603723173615e-14
2.6394471668960006e-14
3.084210756629431e-14
3.4137714306923894e-14
3.443415257802142e-14
