E
-2.713115238130882
-2.7131152381308787
-2.713115238130866
-2.713115238130861
-2.713115238130852
-2.7131152381308463
-2.224125077095872
-2.126916277258566
-2.1269162772585632
-2.1269162772585606
-2.1269162772585553
-2.126916277258543
-2.1269162772585304
-2.106875109945554
-2.1068751099455225
-2.057041080797738
-2.0313558967205907
-2.0313558967205863
-2.0313558967205823
-2.031355896720582
-2.03135589672058
-2.0313558967205765
-2.031355896720554
-2.0313558967205534
-1.7951362749449085
11.530494369130256
11.778280829147876
11.778280829147906
11.778280829147986
11.778280829148008
11.778280829148015
11.77828082914805
12.431452698624678
12.43145269862472
12.579906130587196
12.579906130587196
12.5799061305872
12.579906130587265
12.57990613058729
12.579906130587322
13.15191838040364
13.151918380403707
13.151918380403776
13.611463567610649
14.012609139018306
14.012609139018338
14.012609139018355
14.49098452749439
14.490984527494435
15.181439227926624
