E
-21.592540195066462
-20.975562964699378
-20.975562964699357
-20.38455169451016
-20.384551694509817
-20.38455169450964
-20.038224027460046
-20.038224027459982
-20.038224027459727
-19.578280312535014
-19.41341973961953
-19.41341973961934
-17.194912695874443
-17.194912695874283
-17.19491269587421
-17.194912695874194
-17.194912695874184
-17.1949126958741
-16.79771434815883
-16.7977143481587
-16.79771434815842
-16.797714348158372
-16.79771434815837
-16.79771434815833
-16.794032160307417
-1.0209647883863172e-14
-9.805031399952195e-15
-9.789146844172933e-15
-9.040471902866984e-15
-8.152321681863135e-15
-4.4352921520571914e-15
-3.433992431543305e-15
-2.641266577701448e-15
-2.4989460094896993e-15
-2.075689255419646e-15
-1.590262589659289e-15
-1.428111170918506e-15
-1.334443431351508e-15
2.3673620302695066e-17
3.5235004385691805e-16
2.9563007960012796e-15
3.698458281534324e-15
3.9051650109527164e-15
6.070911780722646e-15
6.676073511752643e-15
8.649485108133326e-15
9.282103522739087e-15
1.1300744193601253e-14
2.4324920733073033e-14
2.6076190545614413e-14
