E
-21.184131457801012
-20.561001890407393
-20.561001890407358
-19.969980312007582
-19.96998031200733
-19.969980312007216
-19.603625768290172
-19.603625768290105
-19.60362576829004
-19.179297545134997
-18.971466711208294
-18.971466711208198
-16.90016485446032
-16.90016485446029
-16.900164854460233
-16.90016485446022
-16.900164854459906
-16.9001648544599
-16.476023720397357
-16.476023720397343
-16.476023720397258
-16.476023720397205
-16.476023720396967
-16.47602372039685
-16.45348773513382
-2.4032655636643874e-14
-2.0091088116791847e-14
-8.05080583328246e-15
-5.2238754074722025e-15
-2.224996959134176e-15
-1.1650044378267669e-15
-8.182941351299172e-16
-7.849720255276424e-16
-5.05654913110064e-16
-2.326404053455463e-17
2.0792650317759583e-15
2.350532726470003e-15
2.539944903053034e-15
3.781969327221842e-15
4.373020945843405e-15
4.395891256655844e-15
4.542651394442552e-15
4.5496779310798e-15
5.735517511451982e-15
7.730853725766024e-15
1.2906509325444086e-14
1.5972857558838355e-14
1.777763115647799e-14
1.9948725020174375e-14
2.2885820483396695e-14
