E
-22.002786218445276
-21.39203757621286
-21.392037576212765
-20.801689182452694
-20.801689182452677
-20.80168918245248
-20.474189999270227
-20.474189999270145
-20.474189999270028
-19.981418603147993
-19.856753248951954
-19.856753248951772
-17.491176992224396
-17.491176992224144
-17.491176992224133
-17.491176992224087
-17.491176992224034
-17.491176992223945
-17.135475553481868
-17.12092906719195
-17.12092906719192
-17.120929067191735
-17.12092906719162
-17.120929067191458
-17.12092906719137
-1.2166027140266085e-14
-1.1567218116617382e-14
-1.1277558735224537e-14
-1.0139390317579935e-14
-4.20901076206986e-15
-4.132841013334427e-15
-4.017278647150707e-15
-3.390423210685176e-15
-1.0111092409076037e-15
-9.732827231427929e-16
-6.054040441373771e-16
1.3377416034630537e-16
2.3841594116865323e-15
3.1588584779565565e-15
5.925815393936773e-15
5.931511917441885e-15
6.102574565919391e-15
6.448650504035989e-15
6.798410912014201e-15
8.838839171196756e-15
8.929478329133416e-15
9.72352073732294e-15
1.464423554312262e-14
1.5112910922709943e-14
1.983446013556367e-14
