E
-40.8424078507492
-40.46298238439548
-40.462982384394316
-40.06861155932359
-40.06861155932344
-40.06861155932295
-40.02098023538581
-40.020980235385075
-40.02098023538497
-39.64637684737554
-39.64637684737508
-39.35309823686482
-32.234602659842395
-32.16939945389873
-32.16939945389787
-32.10300880830965
-32.1030088083095
-31.976651795893325
-31.809848852570443
-31.809848852570386
-31.80984885257037
-31.809848852570244
-31.809848852570212
-31.8098488525702
-31.782142656697268
-1.904467262957807e-15
-1.7064524225172186e-15
-1.2075836712975167e-18
1.6408615125849687e-15
1.8676801897934707e-15
2.0587045706571192e-15
2.2685930834536704e-15
2.6671238275503273e-15
3.697818596692678e-15
3.921307393648759e-15
6.560749681533705e-15
7.866875117970303e-15
8.598032816352471e-15
1.1580324552860341e-14
1.2377943927696224e-14
1.682398472153872e-14
1.7881187315824092e-14
1.852059601383492e-14
1.8691444444980494e-14
1.915942068246157e-14
2.0000810063939246e-14
2.098804574711745e-14
2.694587519496834e-14
4.1201581654434315e-14
7.106850922044577e-14
