E
-74.43368942622655
-74.22018290550159
-74.22018290550149
-74.00311124769962
-74.00311124769935
-74.0031112476988
-73.99559267100241
-73.99559267100186
-73.99559267100177
-73.78350610449444
-73.78350610449422
-73.58287148184603
-57.989403732705526
-57.97139932108198
-57.971399321081776
-57.94238106741567
-57.94238106741561
-57.91447413682263
-57.37774248622991
-57.3777424862298
-57.377742486229714
-57.37774248622936
-57.37774248622919
-57.37774248622919
-57.37346251180403
-6.0455367591350115e-15
-4.242165633970087e-15
1.7958168199866093e-15
2.701680596610441e-15
4.195390548525629e-15
7.385721156000323e-15
9.146564650193464e-15
1.1534460145531677e-14
1.2365834610821216e-14
1.4797876368887747e-14
1.5985914825718926e-14
1.7262917345908103e-14
1.7644149997657397e-14
1.9686705631008566e-14
2.6012842163038323e-14
2.8266430461173123e-14
2.844347838603814e-14
2.9795950595193395e-14
3.119124855429299e-14
3.120079471687375e-14
3.1892516379048774e-14
3.318710397718771e-14
3.375792375245718e-14
4.4824600630191805e-14
4.978000978641612e-14
