E
-43.586476123621715
-43.229078881771684
-43.22907888177152
-42.85844945015889
-42.858449450158176
-42.8584494501578
-42.81954711303877
-42.819547113038254
-42.81954711303795
-42.46658988828545
-42.46658988828491
-42.17875695183215
-34.37071823739177
-34.31421065386164
-34.314210653861394
-34.25124890716546
-34.25124890716494
-34.14444872199672
-33.918975551931794
-33.91897555193127
-33.91897555193115
-33.918975551931084
-33.91897555193105
-33.91897555193096
-33.896407850242944
-4.073534192080654e-15
-4.0605778237792105e-16
1.4420694520940977e-16
1.0468611306518269e-15
1.3770914617839531e-15
2.139112947782636e-15
2.384083908278466e-15
2.7535636116356355e-15
5.8238182893610364e-15
6.183363479818329e-15
6.804622617588369e-15
7.276678413363853e-15
7.367874858970936e-15
8.56478069910489e-15
8.85451769528282e-15
8.892542078702556e-15
9.356963604839933e-15
1.029307555222559e-14
1.1924658305398814e-14
1.2412498076272674e-14
1.2743420801766057e-14
1.2970561623969914e-14
1.5985725851668827e-14
1.6047985175072218e-14
1.99657302952415e-14
