E
-10.64623932328527
-10.004245200779657
-10.00424520077959
-9.740124672529024
-9.740124672529024
-9.740124672529001
-9.669908045159199
-9.287080077907596
-9.287080077907575
-9.287080077907572
-9.287080077907532
-9.287080077907518
-9.287080077907518
-8.276198595803926
-8.2761985958039
-8.276198595803894
-8.276198595803878
-8.276198595803862
-8.276198595803791
-8.231344195983016
-8.231344195983013
-8.231344195982993
-8.197686490241862
-8.197686490241848
-8.197686490241837
4.4178669664683365
4.417866966468338
4.417866966468342
4.4178669664683525
4.485517249357494
4.485517249357524
4.485517249357534
4.4855172493575495
4.485517249357565
4.4855172493575735
4.485517249357587
4.485517249357594
5.196652560437026
5.196652560437052
5.196652560437099
5.368935449334705
5.368935449334713
5.414416985171978
5.57934834735407
5.579348347354079
5.579348347354111
5.579348347354129
5.5793483473541325
5.579348347354137
5.710380761372008
