E
-46.34611690235691
-46.008620019800674
-46.008620019800254
-45.6594636620323
-45.65946366203217
-45.659463662032046
-45.62730913264307
-45.62730913264286
-45.62730913264252
-45.293850682314954
-45.29385068231484
-45.01333893323517
-36.50984810703771
-36.46043146234992
-36.46043146234945
-36.401320473481555
-36.401320473480766
-36.310109610564716
-36.03448404817024
-36.03448404817012
-36.03448404816995
-36.03448404816981
-36.03448404816974
-36.03448404816966
-36.01587801180479
-1.2671605715963371e-14
-7.792941810621157e-15
-6.581750294725251e-15
-4.471234907040128e-15
-1.7191429097559182e-15
-1.2129972404366243e-15
-7.0386133751383585e-16
1.8713581143096765e-18
8.867497018277411e-16
1.1940019868452649e-15
1.5491316894364875e-15
3.2983183255764402e-15
3.3486279054777205e-15
5.183090495869649e-15
8.538082921004561e-15
9.28701200039658e-15
1.0479549566101127e-14
1.319688707488376e-14
1.3446671256642573e-14
1.3848057925806606e-14
1.5260248419607664e-14
1.6025861904728043e-14
2.3401941533493523e-14
2.5082169379605588e-14
3.3468691910223063e-14
