E
-29.65367664568233
-29.154576518468854
-29.154576518468833
-28.636972323082485
-28.636972323082432
-28.636972323082052
-28.506883250072875
-28.506883250072473
-28.506883250072452
-28.011914571767576
-28.011914571767548
-27.771283411243246
-23.387609285725233
-23.252945970625095
-23.2529459706249
-23.20004880877007
-23.20004880876982
-23.13360384097824
-23.133603840978225
-23.13360384097816
-23.133603840978036
-23.133603840978022
-23.133603840977955
-23.057083285638814
-23.05708328563853
-7.856272658127154e-15
-6.043192140290583e-15
-5.4495557134493504e-15
-3.9866098394007784e-15
-2.275719486807738e-15
-2.2057389341390017e-15
-1.7105646403065007e-15
-1.3983471286515433e-15
-1.3923459824351217e-15
-3.517745378350649e-16
4.868785537622676e-16
6.48365874411717e-16
8.837421008428843e-16
3.08541727350914e-15
3.559814341347092e-15
3.779846685101717e-15
7.327387984108768e-15
7.450553051287433e-15
1.064659087444999e-14
2.1348063759884454e-14
2.150653043731665e-14
2.168574224605703e-14
2.2053810711247292e-14
2.253182324025841e-14
3.054137457298592e-14
