E
-64.06295603525072
-63.815630664115076
-63.81563066411456
-63.56297619402735
-63.56297619402648
-63.562976194025914
-63.55109632639256
-63.551096326392226
-63.55109632639125
-63.30583131548199
-63.30583131548193
-63.07897676440152
-50.10113077981748
-50.07643833189503
-50.076438331894884
-50.03905635619171
-50.039056356190976
-49.998712612759576
-49.52526941064393
-49.52526941064385
-49.525269410643766
-49.52526941064367
-49.525269410643496
-49.52526941064332
-49.518476971008035
-7.265398455008434e-15
-6.839386608926549e-15
-6.3434570494631546e-15
-6.0172449245231e-15
-1.7842947764059114e-15
-1.6598267835694059e-15
-3.4717446676346746e-16
1.5795071942157961e-15
1.7594257942397886e-15
3.585536905148853e-15
5.081938768022149e-15
6.053126063393823e-15
7.129950495650154e-15
9.361493998416007e-15
1.7175507508748436e-14
1.8053142356727305e-14
2.1054750060711072e-14
2.284688809551872e-14
2.3399696692864994e-14
3.1463080450878404e-14
3.5915837142780736e-14
4.105237751891327e-14
4.167884623760854e-14
6.039613253960867e-14
6.130034652553295e-14
