E
-36.311799540914116
-35.89025829857132
-35.89025829857097
-35.450903236671216
-35.45090323667093
-35.450903236670875
-35.382103109912464
-35.3821031099124
-35.3821031099124
-34.96581335106624
-34.96581335106607
-34.67204722413896
-28.683160044035045
-28.59842019008457
-28.598420190084536
-28.52905076286339
-28.52905076286333
-28.35736705642194
-28.313065482924117
-28.31306548292378
-28.31306548292373
-28.313065482923726
-28.313065482923477
-28.313065482923342
-28.272855560339114
-6.764529769582432e-15
-2.488211822517364e-15
-1.6974840210493406e-15
-1.2937949463791156e-15
-3.4650142292350417e-16
2.591749338078885e-16
8.700555288431027e-16
1.7863082111293175e-15
3.165212964751977e-15
3.477189704058749e-15
3.784827091952355e-15
4.435219821547381e-15
5.703161566083451e-15
7.406602165919849e-15
7.740146994114863e-15
8.706709004305848e-15
1.273074090980558e-14
1.2881622847006507e-14
1.4523184750382815e-14
1.486745680772484e-14
1.508882569552848e-14
1.670609901948966e-14
2.0025579500390393e-14
2.375877272697835e-14
2.4945578743466275e-14
