E
-7.996271784298114
-7.477453531910005
-7.477453531909969
-7.391043978933121
-7.318624591899879
-7.3186245918998685
-7.31862459189986
-7.318624591899856
-7.318624591899822
-7.318624591899821
-7.3007078706368125
-7.300707870636805
-7.3007078706367965
-6.2219793234138585
-6.221979323413853
-6.221979323413849
-6.221979323413848
-6.221979323413845
-6.221979323413835
-6.221979323413833
-6.218840522647078
-6.218840522647072
-6.2188405226470715
-6.218840522647063
-6.218840522647053
6.383255757014396
6.383255757014406
6.383255757014417
6.383255757014421
6.383255757014431
6.383255757014431
6.386414510307764
6.386414510307766
6.386414510307774
6.386414510307777
6.386414510307782
6.386414510307804
7.479725628693951
7.479725628693962
7.479725628693972
7.479725628693997
7.479725628694002
7.4797256286940295
7.497774015707771
7.497774015707784
7.497774015707812
7.575806369896206
7.6786557264612405
7.678655726461242
8.210775816373356
