E
-42.212326647215455
-41.84419678050979
-41.844196780509705
-41.461991929678604
-41.46199192967794
-41.46199192967774
-41.41901348450765
-41.419013484507374
-41.41901348450704
-41.05551975936697
-41.055519759366945
-40.76465438974144
-33.30224366220631
-33.24161670032531
-33.241616700325025
-33.17685834725815
-33.176858347257706
-33.06084913961354
-32.863531286930396
-32.86353128693035
-32.86353128693028
-32.86353128693021
-32.86353128693017
-32.86353128692985
-32.838565782557126
-1.2107186221405761e-14
-1.0938509498435143e-14
-9.440057842169018e-15
-7.863841239107361e-15
-7.150107506697069e-15
-7.0994153387404295e-15
-6.083729599978027e-15
-3.33638432529287e-15
-1.784990302329181e-15
-1.5150853581491777e-15
-8.953574558173473e-16
5.25918230931584e-15
6.297197997665262e-15
6.297216525741611e-15
6.613643636827218e-15
1.1291016279358759e-14
1.2120640136450507e-14
1.2368292974528121e-14
1.3001067884217814e-14
2.0022646669844308e-14
2.0263155526235643e-14
2.1333133349289525e-14
2.1521014402079488e-14
6.030401813037773e-14
6.372465730372625e-14
