E
-73.4886929487885
-73.27248664980152
-73.27248664980145
-73.05258880218281
-73.05258880218261
-73.05258880218226
-73.04477215333102
-73.04477215333094
-73.04477215333085
-72.83003296391159
-72.8300329639113
-72.62721495545769
-57.27191861133259
-57.253425314691036
-57.253425314690425
-57.22375601379023
-57.2237560137896
-57.19496610601054
-56.66308888696715
-56.66308888696682
-56.66308888696656
-56.66308888696653
-56.66308888696614
-56.663088886966115
-56.65863770650439
-7.10593742756394e-15
-5.809892812390656e-15
-3.7420502468663235e-15
-2.920799937199476e-15
-1.3513409006534788e-15
-5.659078874752084e-16
8.60294489566523e-16
3.203056987936791e-15
6.200241981121395e-15
7.105940044573053e-15
7.13537271671667e-15
7.745192819871308e-15
9.432374044221634e-15
1.0866776809500069e-14
1.3741666255138493e-14
1.4606125559373424e-14
1.4643106632826453e-14
1.589520112969749e-14
1.7163166899162126e-14
1.7665788393454906e-14
1.925359856817177e-14
2.431184129381502e-14
2.4600438557197705e-14
3.81466074889716e-14
4.8479067578643765e-14
