E
-19.97035454886998
-19.329413001141667
-19.329413001141575
-18.742815226765416
-18.74281522676535
-18.74281522676514
-18.308554699521906
-18.308554699521633
-18.30855469952156
-18.008340408420473
-17.654621636343226
-17.654621636343034
-16.025215005466716
-16.025215005466702
-16.02521500546669
-16.02521500546662
-16.0252150054666
-16.02521500546653
-15.520756622312968
-15.520756622312925
-15.520756622312831
-15.520756622312788
-15.520756622312764
-15.520756622312641
-15.437848382365711
0.05339272398394454
0.05339272398394713
0.05339272398394875
0.05339272398395316
0.053392723983953554
0.09918266890711788
0.09918266890711863
0.09918266890712048
0.09918266890712402
0.09918266890712418
0.09918266890712957
0.0991826689071344
0.09918266890714443
0.10678544796786214
0.10678544796786829
0.10678544796787298
0.10678544796787803
0.1067854479678854
0.10678544796789353
0.13035858742714085
0.13035858742715103
0.13035858742716222
0.13035858742716797
0.13035858742717382
0.13035858742717682
