E
-5.2091418198157955
-5.1922109145906
-5.192210914590597
-5.1922109145905875
-5.192210914590584
-5.192210914590572
-5.192210914590504
-4.978783271115496
-4.914505711572225
-4.914505711572172
-4.733349539160774
-4.733349539160749
-4.733349539160746
-4.100295996607219
-4.100295996607211
-4.100295996607211
-4.100295996607208
-4.100295996607193
-4.100295996607183
-4.100295996607177
-4.100295996607176
-4.019068307837823
-4.019068307837805
-4.0190683078378004
-4.019068307837799
8.621027349020894
8.621027349020896
8.621027349020897
8.718547790090106
8.71854779009012
8.718547790090128
8.718547790090131
8.71854779009015
8.718547790090193
8.852674838998311
8.852674838998398
8.852674838998414
9.707349978554653
9.707349978554662
9.707349978554685
9.707349978554696
9.7073499785547
9.707349978554745
10.162927964266354
10.270937961289597
10.270937961289645
10.270937961289757
10.561683997279307
10.561683997279316
11.219324311287538
