E
-32.73630110670236
-32.27562173935349
-32.27562173935319
-31.795635532723413
-31.795635532723104
-31.795635532723026
-31.700348647861528
-31.700348647861354
-31.700348647861237
-31.2447592895773
-31.24475928957687
-30.966603476941494
-25.852830504425864
-25.745639231537275
-25.74563923153723
-25.679884921940193
-25.67988492194007
-25.538246830191763
-25.538246830191742
-25.5382468301916
-25.53824683019159
-25.538246830191436
-25.538246830190968
-25.482349583048173
-25.48234958304816
-5.161957476501088e-15
-4.872234558150609e-15
-3.640691413819327e-15
-2.2718789041564864e-15
-1.7170288466363875e-15
-4.323158547297097e-16
-3.4549163649582057e-16
-3.194389237333053e-16
3.80074937425867e-16
5.610861333738169e-16
1.3275584173942458e-15
2.797716531485298e-15
4.057057037189645e-15
4.114456197806345e-15
5.0994049528613546e-15
5.3348817936369194e-15
1.1072810360019296e-14
1.1101510523943966e-14
1.2263024315740234e-14
1.2445252073398441e-14
1.3973212716515535e-14
1.4521900136024425e-14
1.5620208853113204e-14
1.96231956581232e-14
3.3184627322042036e-14
