E
-48.655977373706854
-48.33361147668399
-48.33361147668359
-48.00076628400054
-48.000766283998836
-48.0007662839984
-47.973104758872
-47.97310475887174
-47.97310475887143
-47.654449540798424
-47.654449540798254
-47.38081022874746
-38.294362651590895
-38.249897220760914
-38.249897220760516
-38.19406935230774
-38.194069352306975
-38.113521500886016
-37.801455856483756
-37.8014558564836
-37.80145585648351
-37.80145585648326
-37.80145585648321
-37.801455856483024
-37.7854811837175
-9.127119447414907e-15
-8.656729767875654e-15
-5.744817255047418e-15
-4.5273693305527384e-15
-1.6601432201973602e-15
9.343820610867295e-16
1.0154469920485658e-15
1.7765023355631346e-15
2.3236442954497876e-15
5.551348597047154e-15
7.105484395150047e-15
7.71136927963188e-15
8.419009184126757e-15
1.0911975362510844e-14
1.1883827029303909e-14
1.2596839206315523e-14
1.2674440463170989e-14
1.4698680181237323e-14
1.703910853979575e-14
1.927933442983947e-14
2.014293970235613e-14
2.281538892548882e-14
3.29790802271271e-14
3.794718670105675e-14
5.940844371606177e-14
