E
-9.632992371193911
-9.027754545059832
-9.027754545059745
-8.805353302002159
-8.805353302002109
-8.8053533020021
-8.79901628396648
-8.53968582061831
-8.5396858206183
-8.539685820618297
-8.539685820618267
-8.539685820618201
-8.539685820618148
-7.492403177555103
-7.4924031775551025
-7.492403177555089
-7.492403177555087
-7.49240317755499
-7.492403177554977
-7.446197667704847
-7.446197667704824
-7.44619766770482
-7.446197667704816
-7.44619766770481
-7.446197667704808
5.187682536503912
5.187682536503956
5.187682536503959
5.187682536503966
5.187682536503976
5.187682536503977
5.187682536503979
5.187682536504007
5.18768253650401
5.1876825365040125
5.187682536504016
5.187682536504051
6.043961184287501
6.0439611842875465
6.043961184287598
6.209148608870145
6.209148608870282
6.211011188644094
6.2837241304764975
6.283724130476538
6.2837241304765445
6.283724130476562
6.283724130476578
6.2837241304765845
6.629423145614986
