E
-44.964510392531174
-44.61731399476514
-44.61731399476458
-44.25769219374358
-44.25769219374327
-44.25769219374324
-44.22237424819842
-44.222374248197866
-44.22237424819758
-43.87941723303958
-43.87941723303847
-43.59507694724015
-35.439943743025424
-35.38715655253449
-35.38715655253432
-35.32609301234939
-35.32609301234899
-35.227515901202764
-34.976009895645014
-34.97600989564472
-34.97600989564438
-34.976009895644374
-34.97600989564425
-34.976009895644246
-34.95554792776399
-5.012819330350123e-15
-3.423375449124646e-15
-1.1093636488776005e-15
-4.571307802305628e-16
-3.4179866697678396e-16
1.3393303085729705e-15
1.6031935468470104e-15
1.7702835972413005e-15
2.361934946252788e-15
3.833331874101091e-15
4.320502040098282e-15
7.415518964449537e-15
8.387018870956868e-15
1.1032729063877594e-14
1.1070162438181072e-14
1.1630410330713055e-14
1.1863458579648427e-14
1.443223662721505e-14
1.583920873946149e-14
1.9212707000822996e-14
1.946316405886196e-14
2.340482387295871e-14
2.376717158694804e-14
3.936736570418693e-14
4.7127136784085294e-14
