E
-1.847559033791977
-1.8475590337919654
-1.8475590337919605
-1.847559033791956
-1.8475590337919545
-1.8475590337919303
-1.462225603312502
-1.4622256033124987
-1.4622256033124978
-1.4622256033124974
-1.4622256033124827
-1.462225603312472
-1.388352780017252
-1.3883527800172504
-1.3883527800172428
-1.3883527800172404
-1.3883527800172388
-1.3883527800172384
-1.388352780017235
-1.3883527800172288
-1.2752559192295962
-1.1589988817956138
-1.1589988817956085
-1.0565670445803315
-1.05656704458033
12.696133772421152
12.956488785805913
12.956488785805954
12.956488785805954
12.956488785805991
12.95648878580601
12.956488785806028
13.670372480995011
13.670372480995024
13.670372480995042
13.670372480995049
13.67037248099509
13.670372480995146
14.084938156357333
14.084938156357342
14.790868073520786
14.790868073520791
14.79086807352084
14.966938208032738
15.485774667410716
15.485774667410752
15.485774667410821
16.016196528486148
16.01619652848635
16.69680829008947
