E
-48.19333118548403
-47.868037725973345
-47.868037725973316
-47.53203867711637
-47.53203867711618
-47.532038677116034
-47.503547920395064
-47.503547920394595
-47.50354792039455
-47.18202960070578
-47.182029600705135
-46.90697983934779
-37.93733527526678
-37.89194003457579
-37.891940034575754
-37.83545719023989
-37.83545719023947
-37.7529220333733
-37.44779678268127
-37.44779678268113
-37.44779678268072
-37.44779678268062
-37.44779678268039
-37.4477967826803
-37.43133690850146
-5.316065724244129e-15
-4.652204611832525e-15
-3.7013740567374374e-15
-3.21656825355578e-15
-3.075066194748236e-15
-2.3777289237782243e-15
-1.7828759898660443e-16
2.0897243078431966e-16
4.052264802601201e-16
7.986399995226941e-16
1.1069006303714998e-15
3.552713126623411e-15
3.8930931835339964e-15
6.300799802061492e-15
7.803968068974024e-15
8.290153612974786e-15
9.47742451574909e-15
9.999070463565473e-15
1.0745243859378862e-14
2.143260145740316e-14
2.149457143939699e-14
2.4510746930677067e-14
2.5602114456076746e-14
3.843377667550539e-14
4.051893249272918e-14
