E
-55.163129209678374
-54.87719701924798
-54.87719701924718
-54.58346926316286
-54.58346926316286
-54.58346926316256
-54.564681678875125
-54.56468167887489
-54.564681678874514
-54.281642141165655
-54.281642141165456
-54.0284034287918
-43.29818101683582
-43.26424035212048
-43.26424035211995
-43.21712046910037
-43.217120469099584
-43.1585126879881
-42.76426684382699
-42.764266843826974
-42.764266843826846
-42.76426684382684
-42.76426684382671
-42.76426684382651
-42.753469327334905
-8.33894181944336e-15
-7.018380369386374e-15
-3.642884239993776e-15
-3.0514057262783692e-15
-2.4503257211086703e-15
1.91917230754421e-15
4.489676740309089e-15
7.0589644026916595e-15
7.94739590820084e-15
9.391688848856111e-15
9.541664339354593e-15
9.621690882073572e-15
9.727462531575224e-15
1.0182131514528843e-14
1.1574840986836997e-14
1.1889099900928445e-14
1.3859589513794612e-14
1.5087870686746853e-14
1.809962164067297e-14
1.892250560459108e-14
2.1316282073537722e-14
2.159791394052186e-14
2.194939959944128e-14
2.804267239446445e-14
3.271208028641475e-14
