E
-27.483905051736517
-26.955132578500816
-26.955132578500653
-26.411147142723532
-26.411147142723465
-26.411147142723195
-26.245976725590225
-26.245976725590108
-26.24597672558995
-25.71984542031343
-25.719845420313217
-25.529929157162382
-21.635621087312707
-21.474705232271454
-21.47470523227117
-21.46891985035379
-21.468919850353533
-21.468919850353462
-21.468919850353384
-21.46891985035332
-21.468919850353224
-21.441038115390864
-21.44103811539072
-21.43398895850349
-21.433988958503264
-6.38723114835432e-16
-2.9908793210918117e-16
-1.507769379638167e-16
4.412962205169363e-16
1.3433912572522339e-15
1.629926917989331e-15
1.7956715290699054e-15
2.46523892735629e-15
3.098162035758166e-15
3.1972127818609383e-15
3.2273142830858554e-15
3.563051601167484e-15
3.579990155037624e-15
6.2189142759592114e-15
6.301522418979817e-15
6.332966655436009e-15
6.533478749358126e-15
7.443479502067926e-15
8.021141438814903e-15
8.883446802454186e-15
1.1601434294969175e-14
1.2744319470014597e-14
2.3444729980020182e-14
2.477139733112064e-14
2.501724025388655e-14
