E
-63.12322818562077
-62.87231311963775
-62.872313119637575
-62.61585912053595
-62.615859120535276
-62.615859120535255
-62.60343030519449
-62.60343030519376
-62.60343030519371
-62.354649277451976
-62.35464927745152
-62.12516801474942
-49.38453249971623
-49.35905563991588
-49.35905563991482
-49.320767483610545
-49.3207674836104
-49.27891868079606
-48.812517803582374
-48.81251780358236
-48.81251780358201
-48.81251780358198
-48.81251780358168
-48.81251780358158
-48.80540811547169
-6.845145007465733e-15
-6.361718944380473e-15
-5.32907052057738e-15
-3.1892913170613373e-15
-2.39114242815553e-15
-1.413102976908941e-15
-4.1807127062495116e-16
8.412381951640529e-16
2.229887809635473e-15
3.0516728236885898e-15
3.525128476674621e-15
4.016024928079792e-15
5.980101438675145e-15
1.0112312279668848e-14
1.0485723465959058e-14
1.4033145885081499e-14
1.4099467647856604e-14
1.6300019231379174e-14
2.0407707164592503e-14
2.771264428517275e-14
3.090650839606749e-14
3.477342905451033e-14
3.538388338746301e-14
3.797986942491466e-14
4.456814915485421e-14
