E
-40.38677344669767
-40.00345223664462
-40.003452236644605
-39.60489156356707
-39.604891563567016
-39.60489156356677
-39.555563939371
-39.555563939370835
-39.555563939370664
-39.177123276512134
-39.17712327651073
-38.883211535646794
-31.878923611761344
-31.812081973097957
-31.81208197309782
-31.745197373678344
-31.745197373678206
-31.615107583718938
-31.459046143979258
-31.45904614397902
-31.45904614397897
-31.459046143978707
-31.459046143978693
-31.459046143978473
-31.430339930023145
-2.0531375775211455e-15
-5.223305908636238e-16
-4.635644627966221e-16
-3.691878396646034e-16
9.685875297562322e-16
3.0041218871135158e-15
4.923708448653325e-15
5.469099445696159e-15
6.409342007616658e-15
6.88202340424824e-15
7.298700008834321e-15
8.429698057846736e-15
9.942894180674171e-15
1.0739102384308333e-14
1.1040439208386438e-14
1.1847822390926317e-14
1.259975700533569e-14
1.3712414217914596e-14
1.4311355311813198e-14
1.6554379273032288e-14
1.671044908401979e-14
1.7182002130509503e-14
2.4877715811842646e-14
2.5611863849863932e-14
2.716456604630116e-14
