E
-18.38025624579252
-17.717906107122882
-17.71790610712283
-17.149488797828887
-17.149488797828884
-17.149488797828873
-16.60421709328465
-16.60421709328444
-16.604217093284426
-16.50989285779848
-15.922976515321022
-15.922976515320912
-14.880859127316912
-14.880859127316912
-14.8808591273169
-14.880859127316853
-14.880859127316832
-14.880859127316796
-14.27236402632276
-14.272364026322759
-14.272364026322698
-14.272364026322636
-14.272364026322569
-14.272364026322542
-14.100236426747962
0.37628144803568875
0.3762814480356913
0.376281448035694
0.37628144803570196
0.3762814480357053
0.7077976464781088
0.7077976464781162
0.7077976464781217
0.7077976464781297
0.70779764647813
0.7077976464781318
0.7077976464781437
0.7077976464781522
0.7525628960713732
0.7525628960713745
0.7525628960713839
0.7525628960713865
0.7525628960713892
0.7525628960713927
0.9372180795683602
0.9372180795683682
0.937218079568374
0.9372180795683764
0.9372180795683813
0.937218079568382
