E
-34.517812039075
-34.07733569387091
-34.07733569387061
-33.6181192880108
-33.6181192880107
-33.618119288010405
-33.5374581009879
-33.53745810098711
-33.53745810098698
-33.10223903123003
-33.10223903122979
-32.81370322116236
-27.266546108350276
-27.171537544988155
-27.171537544988013
-27.102963081506115
-27.10296308150599
-26.922646253530083
-26.922646253529816
-26.922646253529734
-26.922646253529646
-26.922646253529635
-26.922646253529305
-26.90686223303076
-26.875414688601598
-2.3682101286834005e-15
-1.9909496769777415e-15
-1.6212320621164475e-15
-1.271176757173413e-15
-4.7298047544093374e-17
4.69271727712874e-16
1.3995130247319383e-15
1.5734283248814282e-15
1.7736114719704365e-15
2.590558230883111e-15
5.4332881814815e-15
6.517896603594895e-15
7.234867264800126e-15
9.805192641705486e-15
1.0653886025941408e-14
1.0717110736604929e-14
1.0998919823976764e-14
1.7198976018669633e-14
1.9444217460804138e-14
1.9571629849354236e-14
1.968722696827859e-14
2.1774363257628345e-14
2.2642415213866754e-14
2.4868995752505566e-14
2.642049542718725e-14
