E
-65.00326693034135
-64.7594343620291
-64.75943436202711
-64.51047279595028
-64.5104727959475
-64.510472795947
-64.49911021893114
-64.49911021893016
-64.49911021892935
-64.25726725673239
-64.25726725673113
-64.0329993856476
-50.81782804878392
-50.79388468062628
-50.793884680625354
-50.7573824109037
-50.75738241090249
-50.71846747259755
-50.238233196908446
-50.238233196908006
-50.238233196907785
-50.23823319690765
-50.23823319690752
-50.23823319690738
-50.2317395222831
1.6970622128614119e-15
4.783404533819694e-15
5.510593647152964e-15
7.407410628988178e-15
7.901689053094485e-15
9.419793484600364e-15
1.0441848902598529e-14
1.2828202461413913e-14
1.3414067802050844e-14
1.6555278576008773e-14
1.7358577396659523e-14
1.7468208516032883e-14
1.7985234625694907e-14
1.804049091148705e-14
1.9893364291749482e-14
2.0713663644194885e-14
2.2382182530932454e-14
2.4516892169136338e-14
2.5790189968595344e-14
2.7787640266719255e-14
3.2176174928403e-14
3.463906605703738e-14
3.8884886779105957e-14
4.044911440584452e-14
7.484856489427092e-14
