E
-11.68301640350092
-11.015189874601948
-11.01518987460189
-10.701879614947535
-10.701879614947494
-10.701879614947424
-10.562351001325151
-10.046255212021716
-10.046255212021615
-10.046255212021588
-10.04625521202154
-10.046255212021533
-10.046255212021471
-9.355761261463456
-9.355761261463389
-9.355761261463378
-9.076168842976946
-9.076168842976882
-9.076168842976873
-9.07616884297685
-9.076168842976822
-9.07616884297681
-8.962828253689823
-8.962828253689809
-8.962828253689795
3.7729429998902964
3.7729429998903043
3.772942999890306
3.772942999890318
3.7946523433851045
3.794652343385108
3.794652343385116
3.7946523433851183
3.794652343385126
3.7946523433851347
3.7946523433851365
3.7946523433851436
4.366348413878368
4.366348413878405
4.366348413878427
4.556954734739575
4.5569547347395805
4.6337685278082175
4.812840287321603
4.884639504314962
4.884639504314967
4.884639504314978
4.884639504314979
4.88463950431498
4.884639504314988
