E
-62.18410899499237
-61.929503515289234
-61.92950351528911
-61.66913901285149
-61.669139012851296
-61.669139012850955
-61.656127152942354
-61.6561271529421
-61.65612715294142
-61.403732420911965
-61.40373242091026
-61.171585125815525
-48.66803781167106
-48.64173897169259
-48.641738971692455
-48.60251758949153
-48.60251758949112
-48.559082169314244
-48.09998819857322
-48.09998819857298
-48.09998819857291
-48.0999881985726
-48.099988198572106
-48.09998819857207
-48.09254133935957
-3.900418553523408e-15
-2.274914420647029e-15
-1.9710889772526267e-15
-2.0524644803626859e-16
1.6128843969453573e-15
3.125061769200594e-15
6.095742778405306e-15
6.2596978637857876e-15
7.63263189737968e-15
8.685051992847204e-15
1.0132167407434335e-14
1.259113748621813e-14
1.2673557860331446e-14
1.530251707568925e-14
1.6172570376490512e-14
1.6664183025608457e-14
1.7657642595423568e-14
1.8697405762308266e-14
2.371572309992468e-14
2.9378401378915686e-14
3.2137156119307585e-14
3.345162880290809e-14
4.2895945825538693e-14
4.472861558665109e-14
4.954925132967033e-14
