E
-51.43828209382825
-51.13252122487636
-51.13252122487613
-50.817538504513166
-50.81753850451313
-50.81753850451277
-50.79423997974037
-50.794239979740205
-50.79423997973952
-50.49181845517635
-50.49181845517553
-50.22685495777971
-40.4376967527858
-40.39826166389197
-40.39826166389159
-40.34629406705965
-40.34629406705895
-40.2763661373026
-39.92590169679189
-39.92590169679183
-39.9259016967917
-39.92590169679167
-39.92590169679166
-39.92590169679142
-39.91247617709227
-3.2490064970341214e-15
-2.300700526929022e-15
-1.41581353473295e-16
1.6088883463043568e-16
1.81831650499566e-15
2.0042104994302194e-15
2.339824162512235e-15
5.1352506103545234e-15
6.825770888246945e-15
7.071241803323188e-15
7.548061425606115e-15
8.835499288032008e-15
1.0302099757883349e-14
1.0822375145266983e-14
1.3235560048040375e-14
1.4115964317547846e-14
1.459395779501648e-14
1.5952049232293802e-14
2.0947909939323093e-14
2.160703027267526e-14
2.2453890725281296e-14
3.112580276274097e-14
3.533121020855725e-14
4.267187940288284e-14
5.426158276569002e-14
