E
-12.743219004497515
-12.059482360248577
-12.05948236024852
-11.693154687991875
-11.693154687991873
-11.693154687991756
-11.478381030700058
-10.817835110441973
-10.817835110441836
-10.817835110441834
-10.817835110441829
-10.817835110441825
-10.817835110441825
-10.506697284771958
-10.506697284771853
-10.50669728477184
-9.893596328243715
-9.893596328243714
-9.893596328243689
-9.89359632824368
-9.89359632824365
-9.89359632824363
-9.791508671709753
-9.791508671709716
-9.742441665609688
3.1154412339672577
3.1262302901108825
3.126230290110883
3.126230290110895
3.1262302901108954
3.1262302901109056
3.2559776066740924
3.2559776066740986
3.255977606674102
3.2559776066741204
3.2559776066741244
3.255977606674126
3.551947058773345
3.5519470587733504
3.5519470587733815
3.770839424404955
3.7708394244049575
3.868704763329798
3.9359992053569375
4.19957930513753
4.199579305137539
4.199579305137544
4.199579305137556
4.199579305137573
4.199579305137574
