E
-50.50967517549477
-50.198555973010244
-50.19855597300967
-49.87781456152902
-49.8778145615284
-49.87781456152806
-49.85316951224729
-49.853169512246374
-49.85316951224631
-49.545510244437544
-49.5455102444373
-49.27762602308916
-39.723040048823
-39.682025998233804
-39.682025998233634
-39.62878841408999
-39.6287884140899
-39.55555180185947
-39.217301317123216
-39.217301317122974
-39.21730131712282
-39.217301317122796
-39.2173013171227
-39.2173013171226
-39.20308977433415
-3.523642925483059e-15
-1.1591883018578447e-15
2.4498217420728726e-15
2.5410604715889676e-15
3.8396480029022e-15
3.854879184493971e-15
4.26671138104303e-15
4.31988644120508e-15
6.029940931796656e-15
8.299448846822236e-15
8.48267561846806e-15
9.95226893996724e-15
1.1190796223788853e-14
1.1729290716996056e-14
1.1850750176520128e-14
1.4645764674204505e-14
1.6473149200215213e-14
1.6996989813648022e-14
1.887556096217863e-14
1.918691633750362e-14
2.1597681983977293e-14
2.901451677776336e-14
3.035204941119113e-14
3.1248956684579544e-14
3.8316375418493447e-14
