E
-4.961354157599866
-4.961354157599857
-4.961354157599839
-4.961354157599821
-4.961354157599814
-4.961354157599775
-4.911529344113996
-4.719733040361853
-4.645856096061037
-4.645856096061004
-4.457801131861095
-4.457801131861078
-4.457801131861046
-3.8708500392615797
-3.8708500392615783
-3.870850039261573
-3.8708500392615695
-3.8708500392615477
-3.8708500392615424
-3.870850039261538
-3.870850039261531
-3.870850039261507
-3.8307293029980136
-3.830729302998001
-3.8307293029980003
8.877112806037836
8.877112806037838
8.877112806037852
8.98644463624758
8.986444636247603
8.986444636247679
8.986444636247684
8.986444636247708
8.986444636247809
9.229493909739006
9.229493909739064
9.229493909739233
9.961301341473147
9.961301341473206
9.961301341473229
9.961301341473245
9.961301341473247
9.961301341473293
10.462066598313465
10.593605915276195
10.593605915276207
10.593605915276305
10.901190423447334
10.901190423447357
11.566658719422682
