E
-50.973838358557714
-50.665419649428884
-50.66541964942862
-50.34758121023969
-50.34758121023964
-50.34758121023948
-50.32362188302459
-50.323621883024195
-50.32362188302403
-50.01860239048909
-50.018602390488674
-49.75217623663822
-40.08034317476149
-40.040130058228286
-40.040130058227966
-39.987529933281536
-39.98752993328136
-39.91597459659869
-39.57154772166801
-39.57154772166759
-39.571547721667585
-39.57154772166756
-39.5715477216674
-39.57154772166733
-39.55773654659794
-6.9982958232611235e-15
-6.6742403728429286e-15
-3.0016791515132885e-15
-2.6942150082928134e-15
-2.4311888410042643e-15
-2.2386660709041845e-15
-1.4195337841598796e-15
1.5429971517755651e-15
2.5299448833719585e-15
4.011592859649891e-15
4.6281202110526464e-15
6.0940155108621835e-15
6.569514237638788e-15
7.943738904832501e-15
9.081735437089143e-15
9.37097883639305e-15
1.2759805582665232e-14
1.3192891155984895e-14
1.520215808265141e-14
1.7204263387534913e-14
1.7781578000728968e-14
2.0151679169378706e-14
2.8347500318191873e-14
4.1430851803711374e-14
8.367743935437663e-14
