E
-20.37299635950024
-19.737864350597707
-19.73786435059756
-19.148996058038158
-19.148996058038126
-19.14899605803812
-18.738737710710204
-18.738737710710115
-18.738737710710076
-18.394241413919133
-18.09199017854039
-18.091990178540193
-16.315298407098943
-16.31529840709892
-16.3152984070989
-16.315298407098876
-16.31529840709883
-16.315298407098723
-15.83747877788762
-15.837478777887618
-15.837478777887537
-15.837478777887489
-15.83747877788748
-15.837478777887275
-15.775331835417042
-3.0915254490882366e-14
-2.442275464669646e-14
-1.4072914731124148e-14
-5.23249700077074e-15
-4.227667594967189e-15
-3.364038787190742e-15
-2.2238277717178926e-15
-2.103659752013207e-15
-1.127020535268583e-15
6.441495864786469e-16
9.501439703892898e-16
1.234392782158777e-15
1.3678294608077124e-15
2.7129193275997756e-15
3.5180809707075424e-15
5.192936385078201e-15
6.564661488179941e-15
8.359391362076198e-15
1.0008090116836972e-14
1.129054290730644e-14
1.2450872287817513e-14
1.349451515984193e-14
1.4021305358859768e-14
1.5479108336864225e-14
1.5889761406842312e-14
