E
-24.08007744369214
-23.501080482755533
-23.501080482755366
-22.922017669020676
-22.922017669020562
-22.92201766902045
-22.67286875396977
-22.672868753969716
-22.672868753969674
-22.0919147827044
-22.091914782704183
-22.054414047738494
-18.994420550148796
-18.994420550148774
-18.994420550148735
-18.994420550148675
-18.994420550148554
-18.99442055014852
-18.854397520284245
-18.75762789885823
-18.75762789885819
-18.757627898858097
-18.757627898858015
-18.757627898857987
-18.757627898857837
-4.368493029954385e-16
-3.4931398856776364e-16
2.6814186541570184e-18
4.56392393840637e-17
6.723427591707231e-16
8.610256798348749e-16
1.303725411698589e-15
1.6453555591501274e-15
2.270591926029757e-15
3.552154684229643e-15
4.444206774814443e-15
5.922017048048758e-15
6.514939928350079e-15
7.0731137788011724e-15
7.396860901565105e-15
7.485325125645351e-15
8.436040296799608e-15
8.655693266155162e-15
1.06718695014677e-14
1.119876643236449e-14
1.1201482003454861e-14
1.3579526139763768e-14
1.531757973123512e-14
1.599838555686635e-14
1.9744777401643508e-14
