E
-39.02309821035343
-38.62768193231268
-38.627681932312534
-38.21614117411161
-38.2161411741115
-38.21614117411109
-38.16122821510448
-38.161228215103485
-38.161228215102916
-37.77085264151045
-37.77085264151037
-37.475679678987895
-30.81254462625394
-30.740408855498224
-30.740408855498135
-30.672244215718088
-30.672244215717754
-30.529999908241198
-30.408024456120813
-30.40802445612072
-30.40802445612059
-30.408024456120536
-30.40802445612043
-30.408024456120323
-30.37602275273097
-7.542935022458372e-15
-7.105488206409011e-15
-3.2643259392974455e-15
-2.4872123081527047e-15
-1.8162760838704245e-15
6.368426328132292e-16
1.593605775092992e-15
2.0578863648338322e-15
2.5637914380090696e-15
5.260169078331487e-15
5.824233730025642e-15
5.830754695005878e-15
6.164862818937009e-15
8.584966428477546e-15
8.963549721087414e-15
9.333484351297896e-15
1.0322066246980151e-14
1.109468015061472e-14
1.2674220340309445e-14
1.3826810317961461e-14
1.6008792795493458e-14
1.6498146998926343e-14
1.717595154731348e-14
1.7267139884723588e-14
2.3092638912203256e-14
