E
-39.93166649114856
-39.54438232916906
-39.54438232916806
-39.14156363060764
-39.14156363060721
-39.14156363060667
-39.09046008111419
-39.09046008111402
-39.09046008111335
-38.70811264478837
-38.70811264478797
-38.41366758132876
-31.523351510083735
-31.45481033431146
-31.454810334311148
-31.387462684254945
-31.387462684254697
-31.253486161760158
-31.108468846693263
-31.108468846693203
-31.10846884669316
-31.108468846693153
-31.108468846693135
-31.10846884669277
-31.078715234249294
-2.0121072426093183e-15
-1.8202571764296773e-15
-1.801810506441428e-15
1.7132797398864365e-16
2.173408196663264e-15
2.473502157763553e-15
4.169534265731712e-15
4.272613411197735e-15
4.7809649939880565e-15
6.714260307675585e-15
8.094920265660625e-15
8.642912324872602e-15
1.0006953940545965e-14
1.1558558565814153e-14
1.1721177957055516e-14
1.464563897899863e-14
1.4927246631083956e-14
1.5200907646503178e-14
1.7595304555532048e-14
2.506136694219229e-14
2.6831901919279356e-14
2.7438184192975853e-14
3.054313714821567e-14
3.7137435519686874e-14
4.71186475904454e-14
