E
-37.213018487951935
-36.80048203110797
-36.80048203110712
-36.3706705748763
-36.37067057487554
-36.37067057487497
-36.306959038802724
-36.30695903880268
-36.306959038802084
-35.89962507210251
-35.89962507210137
-35.60467827942116
-29.392407880750866
-29.312204396909323
-29.31220439690928
-29.242980417294056
-29.242980417293385
-29.081966657413098
-29.010238894173842
-29.010238894173664
-29.010238894173504
-29.010238894173476
-29.010238894173344
-29.010238894173288
-28.97303865094311
-1.0010185129946236e-14
-9.250626457874743e-15
-8.04598582638561e-15
-5.317578447685951e-15
-5.255278326328077e-15
-5.065873313784943e-15
-4.983824040740586e-15
-4.563381290524432e-15
-3.5443176620470053e-15
-2.769292093603524e-15
7.937218668733811e-16
9.81856931955797e-16
1.8806446805722757e-15
5.458658259186929e-15
7.944378599133046e-15
1.1156832639959575e-14
1.1311834395275532e-14
1.2783651506257394e-14
1.3918875268019826e-14
1.4579087766990203e-14
1.6804790698285228e-14
1.8082931701189504e-14
1.9030842366556237e-14
1.9682297849802894e-14
2.5196532967349677e-14
