E
-43.12797829393012
-42.76706412642853
-42.76706412642787
-42.39264050821501
-42.392640508214875
-42.392640508214804
-42.35243798034646
-42.352437980346394
-42.35243798034614
-41.99602995209015
-41.996029952089735
-41.7071280168429
-34.014472762661136
-33.95663904679656
-33.95663904679607
-33.89306440307994
-33.89306440307921
-33.78331110899564
-33.566976115979266
-33.56697611597919
-33.566976115978406
-33.566976115978186
-33.56697611597816
-33.56697611597813
-33.54364391529962
-7.659690439480869e-15
-7.154581554224134e-15
-5.792583382486054e-15
-4.9963443868487155e-15
-4.6287889903513904e-15
-1.133985570541198e-15
-1.7648552870969185e-16
3.9197955659414313e-16
1.2418574273975346e-15
2.6661884956420558e-15
4.235465049882952e-15
4.7671168214325736e-15
5.484256073232318e-15
6.118101069472294e-15
9.339319650111173e-15
1.2350662698136185e-14
1.2762343248842842e-14
1.3651739135455128e-14
1.439325768896494e-14
1.7247685024063274e-14
2.0662366384757573e-14
2.508209927114271e-14
3.690365568616399e-14
3.967035883134816e-14
5.1534148609408984e-14
