E
-2.9327644680268885
-2.932764468026871
-2.9327644680268703
-2.932764468026864
-2.932764468026852
-2.9327644680268428
-2.465866519065808
-2.349613266545337
-2.3496132665453056
-2.3330536614905872
-2.294564918675695
-2.2945649186756896
-2.2945649186756882
-2.2945649186756842
-2.294564918675682
-2.294564918675674
-2.193919086645564
-2.193919086645547
-2.1939190866455434
-2.193919086645537
-2.193919086645522
-2.1939190866455167
-2.0541705301552895
-2.054170530155272
-2.05417053015524
11.25721163298863
11.489330810492104
11.489330810492246
11.489330810492314
11.489330810492323
11.489330810492344
11.489330810492348
12.025594396129286
12.025594396129357
12.311257480444926
12.311257480445015
12.311257480445047
12.311257480445054
12.311257480445095
12.311257480445127
12.747939585496379
12.747939585496388
12.747939585496455
13.282028756192739
13.653956703897602
13.653956703897716
13.653956703897725
14.117098049763161
14.117098049763255
14.808625444398912
