E
-6.732897660884557
-6.362591376645193
-6.362591376645174
-6.362591376645149
-6.362591376645134
-6.362591376645118
-6.362591376645111
-6.3043545745444725
-6.30435457454438
-6.300529393734821
-6.1392129286741985
-6.13921292867414
-6.139212928674107
-5.266396493667143
-5.266396493667139
-5.266396493667121
-5.266396493667092
-5.266396493667092
-5.266396493667087
-5.266396493667085
-5.2663964936670835
-5.266396493667083
-5.266396493667079
-5.266396493667066
-5.266396493667057
7.363507004898603
7.363507004898614
7.363507004898618
7.363507004898619
7.363507004898622
7.363507004898623
7.406259536581895
7.406259536581902
7.406259536581906
7.406259536581927
7.406259536581928
7.406259536581988
8.457342970614116
8.457342970614137
8.4573429706142
8.45734297061421
8.457342970614214
8.457342970614242
8.703045919552112
8.703045919552194
8.70304591955222
8.703505300028304
8.921406859512652
8.921406859512697
9.521860520564214
