E
-31.850723410582738
-31.37946127938567
-31.379461279385655
-30.888826432399714
-30.888826432399537
-30.88882643239871
-30.784949242891262
-30.784949242891006
-30.784949242890626
-30.31860502016065
-30.31860502016051
-30.048213351147684
-25.147232870991115
-25.03308622697938
-25.033086226979147
-24.96978263881291
-24.969782638812386
-24.848649336206417
-24.848649336206375
-24.848649336206364
-24.848649336206236
-24.84864933620598
-24.84864933620582
-24.78766076671622
-24.78766076671615
-5.616492571339298e-15
-4.192442852488598e-15
-1.0439581716972021e-15
-7.154992789235937e-16
-1.5473569318437068e-17
7.750896931764932e-16
9.188272196910258e-16
1.6426151734769097e-15
3.1327403478735647e-15
5.109945895089853e-15
5.392264217454474e-15
7.294581226222964e-15
7.301216070933386e-15
7.438703034622262e-15
7.587045739412527e-15
1.1572992641150185e-14
1.1676337174926423e-14
1.2542740967518026e-14
1.2702154221511752e-14
1.471345184766309e-14
1.5319539056481152e-14
1.596693836584742e-14
2.3593396050821055e-14
2.485789442122059e-14
2.5100491413437534e-14
