E
-6.423295782916127
-6.12635369706657
-6.126353697066545
-6.126353697066542
-6.126353697066537
-6.1263536970665
-6.126353697066486
-6.032585562472697
-6.019869191950952
-6.019869191950927
-5.85413520405329
-5.854135204053277
-5.8541352040532635
-5.030672924602754
-5.030672924602713
-5.030672924602698
-5.030672924602693
-5.030672924602687
-5.030672924602686
-5.030672924602675
-5.030672924602674
-5.030672924602673
-5.030672924602661
-4.982665662676475
-4.982665662676467
7.6120564584366335
7.6120564584366335
7.612056458436666
7.612056458436669
7.61205645843667
7.61205645843667
7.665245995762245
7.665245995762261
7.665245995762267
7.6652459957623105
7.6652459957623424
7.665245995762383
8.704786476880477
8.704786476880509
8.704786476880527
8.704786476880546
8.704786476880567
8.704786476880571
8.990775901672427
9.0108780818575
9.010878081857564
9.01087808185757
9.241742610896813
9.241742610896859
9.85612572401582
