E
-66.88554219674567
-66.64841899868631
-66.648418998686
-66.4065397742778
-66.40653977427748
-66.40653977427664
-66.39612556080739
-66.39612556080702
-66.39612556080681
-66.16085880225332
-66.16085880225106
-65.94164243229208
-52.251502478461695
-52.228959418642845
-52.22895941864283
-52.19413960974469
-52.19413960974387
-52.15787271018695
-51.66476084408758
-51.66476084408743
-51.66476084408737
-51.66476084408733
-51.66476084408712
-51.66476084408678
-51.658814407809906
-5.579784467621457e-15
-4.76031381490102e-15
-3.5651793330918924e-15
-1.6961165362625828e-15
-7.945264032876859e-16
-1.4062670447064404e-16
5.7153686588132154e-15
6.998737859902258e-15
7.882356838434518e-15
8.886823087302435e-15
9.61584937039602e-15
1.0651254910219577e-14
1.3248233216976462e-14
1.3814607255977113e-14
1.6335097473724948e-14
1.8625025263990773e-14
1.8921901005392525e-14
1.9549795381278837e-14
2.1450257307643684e-14
2.2421287954744e-14
2.6005666196626246e-14
3.1960224538497994e-14
3.552835209389959e-14
4.096619692316736e-14
5.24932746667049e-14
