E
-2.494720643337347
-2.4947206433373257
-2.494720643337321
-2.4947206433373204
-2.494720643337309
-2.494720643337289
-1.984169337974214
-1.9598620673254168
-1.9598620673254077
-1.959862067325407
-1.959862067325401
-1.959862067325393
-1.9598620673253664
-1.8694731608283814
-1.8694731608283734
-1.8694731608283697
-1.869473160828367
-1.8694731608283663
-1.8694731608283528
-1.8694731608283506
-1.8694731608283301
-1.8664642650121763
-1.8664642650121552
-1.7829948172292749
-1.5653249349619927
11.805610027455252
12.06947530204085
12.069475302040907
12.069475302040935
12.06947530204095
12.069475302040958
12.069475302040965
12.840454531131808
12.840454531131824
12.850129381554233
12.850129381554273
12.850129381554288
12.850129381554321
12.850129381554332
12.850129381554366
13.558268204594363
13.558268204594373
13.558268204594379
13.944549252359499
14.375124328034188
14.37512432803427
14.375124328034312
14.867912838074037
14.867912838074062
15.556692507233695
