E
-2.2776261305048653
-2.277626130504862
-2.277626130504854
-2.2776261305048453
-2.277626130504831
-2.2776261305048227
-1.793398317679609
-1.7933983176796058
-1.7933983176796051
-1.7933983176795998
-1.7933983176795902
-1.7933983176795785
-1.7460217887567382
-1.7083134957151807
-1.7083134957151738
-1.7083134957151662
-1.7083134957151642
-1.7083134957151636
-1.7083134957151602
-1.7083134957151511
-1.708313495715151
-1.628358173537653
-1.628358173537645
-1.510878762133234
-1.3943641030528298
12.082568321437291
12.36291437984035
12.362914379840353
12.362914379840364
12.36291437984038
12.36291437984039
12.362914379840442
13.121940779274906
13.121940779274908
13.121940779274919
13.121940779274935
13.121940779274984
13.121940779275015
13.25246100489665
13.252461004896837
13.966921510752574
13.966921510752588
13.966921510752634
14.281409449652473
14.741502247944084
14.741502247944121
14.74150224794422
15.247807571446186
15.24780757144627
15.934358018799621
