E
-3.3756778739535154
-3.375677873953487
-3.3756778739534754
-3.375677873953471
-3.3756778739534687
-3.3756778739534448
-2.9546319669261054
-2.891122039115032
-2.8421927040119312
-2.8421927040119273
-2.631660629766015
-2.6316606297659964
-2.631660629765988
-2.631660629765986
-2.6316606297659715
-2.6316606297659706
-2.57693158452866
-2.5769315845286505
-2.57693158452865
-2.5209329105066804
-2.5209329105066667
-2.52093291050666
-2.5209329105066574
-2.520932910506647
-2.5209329105066463
10.716089914496706
10.918126596749376
10.91812659674944
10.918126596749458
10.918126596749483
10.918126596749486
10.918126596749557
11.22385763143398
11.223857631434084
11.77862112240961
11.778621122409614
11.778621122409678
11.778621122409728
11.778621122409781
11.778621122409819
11.947362888771893
11.947362888772041
11.947362888772098
12.633620036312898
12.948170353906663
12.94817035390667
12.948170353906711
13.378752437704472
13.378752437704534
14.07041653282205
