E
-15.682314381139385
-14.994218529604396
-14.994218529604364
-14.49682152206433
-14.496821522064199
-14.496821522064177
-14.056410514023126
-13.694233372588089
-13.694233372588023
-13.694233372587995
-12.977463021505958
-12.977463021505812
-12.940556104965331
-12.940556104965326
-12.940556104965315
-12.940556104965285
-12.940556104965285
-12.940556104965276
-12.167039138976556
-12.167039138976534
-12.167039138976438
-12.167039138976431
-12.167039138976389
-12.167039138976335
-11.897724339265652
1.5081939591770415
1.6920767800260996
1.7868404265369948
1.78684042653702
1.8156707232083544
1.8156707232083587
1.8156707232083664
1.8156707232083713
1.81567072320838
1.8156707232083837
1.815670723208401
1.8156707232084148
1.904308744372567
1.9043087443725704
1.904308744372574
1.9043087443725901
1.904308744372591
1.904308744372592
1.9045847144340682
2.4222088958213983
2.4222088958214147
2.422208895821427
2.422208895821428
2.4222088958214285
2.422208895821432
