E
-16.824792766311933
-16.145343982507587
-16.14534398250751
-15.611298605025464
-15.611298605025413
-15.611298605025324
-15.082774103659034
-14.929024118824376
-14.929024118824271
-14.92902411882423
-14.224723393639142
-14.224723393638959
-13.762404969865454
-13.762404969865369
-13.762404969865358
-13.762404969865345
-13.762404969865317
-13.762404969865306
-13.056278266498142
-13.05627826649806
-13.056278266498012
-13.056278266497909
-13.056278266497896
-13.05627826649789
-12.799045714355735
1.0008432917080337
1.0008432917080385
1.0816565575470278
1.0816565575470474
1.197524303369971
1.3353541618086895
1.3353541618087001
1.3353541618087146
1.3353541618087166
1.335354161808721
1.3353541618087257
1.3353541618087281
1.3353541618087306
1.4072557665968248
1.4072557665968302
1.4072557665968357
1.4072557665968406
1.4072557665968473
1.407255766596853
1.7764438357615013
1.7764438357615016
1.776443835761503
1.7764438357615064
1.7764438357615155
1.7764438357615226
