E
-76.797793924033
-76.59075881164145
-76.59075881164016
-76.38045129587506
-76.38045129587488
-76.38045129587474
-76.37361470473012
-76.37361470472986
-76.37361470472965
-76.16788958681735
-76.1678895868171
-75.97254652498881
-59.78338549643206
-59.76652233844089
-59.76652233844064
-59.73904901052717
-59.73904901052699
-59.71318554297379
-59.164953556360665
-59.164953556359514
-59.164953556359514
-59.1649535563593
-59.164953556359194
-59.16495355635891
-59.161064977872705
-5.496889073830414e-15
1.6122001918520466e-15
6.606353817612226e-15
7.38967026717173e-15
8.993469237524389e-15
1.2029976922730872e-14
1.2833427339680037e-14
1.487856107958787e-14
1.5588282723889658e-14
1.6640987023752496e-14
1.7864126558084486e-14
1.9475175672941822e-14
2.2858237952612184e-14
2.379692414546567e-14
2.8259247746310575e-14
2.864869098836218e-14
3.0895461318521444e-14
3.233339294149751e-14
3.300145897216862e-14
3.90295821108205e-14
4.0614839072692084e-14
5.2741552096385186e-14
5.757398930577672e-14
5.792553559067162e-14
6.43630480610681e-14
