E
-54.230455806402254
-53.939794116813324
-53.93979411681316
-53.64100530338443
-53.64100530338398
-53.64100530338393
-53.621206461867445
-53.62120646186737
-53.62120646186719
-53.33354359125825
-53.33354359125674
-53.077383744894135
-42.582801392118135
-42.54759866155127
-42.547598661550694
-42.499305376912716
-42.499305376912375
-42.43812531310247
-42.054123409292636
-42.05412340929245
-42.05412340929235
-42.05412340929233
-42.054123409292046
-42.054123409291975
-42.042737502522456
-1.8380782145509607e-15
-3.9628126477491005e-16
5.29702839224377e-16
1.633290757924309e-15
5.8864670947380754e-15
7.114058915952729e-15
1.0840735393257165e-14
1.236159425392055e-14
1.6070309769709763e-14
1.7352337964918982e-14
1.776911728354294e-14
1.8459151413991356e-14
1.8891818667924325e-14
2.10744261507551e-14
2.1877406413948282e-14
2.2826973640799092e-14
2.3240538603169954e-14
2.353333376680832e-14
2.377433073126784e-14
2.5606436124943695e-14
2.7531453967195138e-14
2.7655472272566873e-14
3.556917564249496e-14
3.8405880177627173e-14
4.056457247830095e-14
