E
-44.50475393319413
-44.154214441482814
-44.154214441481855
-43.79098497834154
-43.79098497834153
-43.790984978341136
-43.754522241361165
-43.75452224136106
-43.75452224136082
-43.40828922611822
-43.40828922611776
-43.12274188248811
-35.08345645166233
-35.02947026675712
-35.02947026675706
-34.96776589393074
-34.96776589393053
-34.86654889814812
-34.62349811924807
-34.623498119247614
-34.623498119247444
-34.623498119247266
-34.62349811924696
-34.62349811924691
-34.60236392604511
-3.0896898464970868e-15
-1.7547270634365759e-15
-1.1671547084400058e-15
3.096735578036575e-16
5.228744026415605e-16
1.7047003033554528e-15
4.879968074514889e-15
4.925495615124886e-15
5.358462100510402e-15
6.061871849946567e-15
7.217259462966583e-15
7.650616389589935e-15
7.865375737034856e-15
8.129385758714326e-15
9.312104794107894e-15
1.2830726483532189e-14
1.2832307601011104e-14
1.3993516655491355e-14
1.470178080480375e-14
1.8069068060434094e-14
1.8800447173097922e-14
1.997737036958347e-14
2.6926902228385277e-14
2.787710576078791e-14
3.479993839643615e-14
