E
-75.85188403176194
-75.64230665197479
-75.6423066519746
-75.42934359919283
-75.42934359919192
-75.42934359919154
-75.42224448583305
-75.42224448583211
-75.42224448583202
-75.21401977465709
-75.21401977465605
-75.01658834079133
-59.06574813211386
-59.04844175837595
-59.04844175837513
-59.02036424647837
-59.02036424647815
-58.99371018531809
-58.4499733100039
-58.44997331000371
-58.44997331000359
-58.44997331000356
-58.449973310002996
-58.44997331000294
-58.445934122437464
-1.2642282336347055e-14
-1.158581832450256e-14
-1.1209227618689805e-14
-7.479748962593728e-15
-6.717421937790982e-15
-5.564035519544935e-15
-5.329779811089016e-15
-2.123793865795719e-15
-1.6146918874243605e-15
1.9899811456916317e-16
6.089345850468183e-15
1.8228850822440865e-14
2.19595495970915e-14
2.4122120108540816e-14
2.775774770074134e-14
2.84737864991937e-14
3.989746105736851e-14
4.143834208183393e-14
4.199240141400849e-14
4.208979803285583e-14
6.105672650789736e-14
6.226000591383588e-14
7.068227654360428e-14
8.767589624916935e-14
1.0658141484228808e-13
