E
-0.5964228458950511
-0.5964228458950441
-0.5964228458950429
-0.5964228458950404
-0.5964228458950347
-0.5964228458950156
-0.4824237479331716
-0.4824237479331597
-0.4824237479331543
-0.4824237479331507
-0.4824237479331495
-0.4824237479331419
-0.4515899063708259
-0.45158990637082574
-0.45158990637081875
-0.45158990637081264
-0.45158990637081153
-0.4515899063708101
-0.45158990637080976
-0.45158990637079266
-0.24121187396659655
-0.24121187396658783
-0.24121187396658428
-0.2412118739665826
-0.2412118739665816
14.655009578675582
14.788798253623424
14.788798253623485
14.788798253623513
14.78879825362361
14.788798253623618
14.788798253623693
15.354544834148772
15.354544834148859
15.354544834148921
15.354544834148962
15.354544834148989
15.354544834149047
16.640825972120002
16.64082597212032
17.125441401542776
17.31104314041772
17.311043140417798
17.311043140417883
17.80703168667737
17.807031686677465
17.807031686677544
18.38488779263424
18.384887792634295
19.038729661788896
