E
-10.989218810371066
-10.337440156196157
-10.337440156196136
-10.0575852642412
-10.057585264241165
-10.05758526424116
-9.964902096073514
-9.538798964962677
-9.538798964962645
-9.538798964962616
-9.53879896496261
-9.538798964962599
-9.538798964962563
-8.603130240534561
-8.603130240534512
-8.603130240534508
-8.540995190205788
-8.540995190205747
-8.540995190205717
-8.540995190205702
-8.540995190205695
-8.540995190205681
-8.451176440942822
-8.451176440942765
-8.451176440942751
4.1781250467407
4.178125046740701
4.178125046740702
4.178125046740707
4.178125046740733
4.253964921114734
4.253964921114735
4.253964921114748
4.253964921114749
4.253964921114755
4.253964921114758
4.253964921114758
4.918054761450248
4.918054761450259
4.918054761450271
5.095259025614344
5.095259025614363
5.15245168438557
5.346709238395448
5.346709238395452
5.346709238395456
5.346709238395459
5.346709238395471
5.346709238395494
5.408849185567723
