E
-1.634721218269174
-1.6347212182691704
-1.634721218269167
-1.6347212182691564
-1.634721218269145
-1.6347212182691349
-1.2975080025553658
-1.2975080025553583
-1.2975080025553498
-1.297508002555343
-1.297508002555338
-1.297508002555328
-1.229657040807324
-1.2296570408073182
-1.2296570408073166
-1.2296570408073153
-1.2296570408073142
-1.2296570408073035
-1.2296570408072947
-1.2296570408072744
-1.0426968337616955
-0.9277282915335596
-0.9277282915335469
-0.889924137319504
-0.8899241373194964
13.005169684589614
13.256586372559351
13.256586372559465
13.256586372559497
13.256586372559518
13.256586372559536
13.256586372559536
13.947009773706062
13.94700977370611
13.947009773706128
13.947009773706219
13.947009773706267
13.947009773706279
14.505140821004472
14.505140821004472
15.20602671808128
15.206026718081283
15.206026718081311
15.315837782932176
15.86359816389847
15.863598163898477
15.863598163898564
16.40454231118869
16.404542311188717
17.0815303631029
