E
-68.76987506515609
-68.539115374041
-68.53911537403793
-68.30393936258534
-68.30393936258487
-68.30393936258395
-68.29437139488596
-68.2943713948857
-68.29437139488476
-68.06534539285205
-68.0653453928504
-67.85101685119939
-53.68552404909436
-53.66426299064318
-53.664262990642975
-53.63102740407933
-53.631027404078694
-53.59715754395942
-53.09203292056484
-53.09203292056439
-53.092032920564314
-53.092032920564236
-53.09203292056422
-53.0920329205641
-53.08657422521564
2.851117544698883e-15
2.925396092071224e-15
4.9193485255440734e-15
6.06784642955773e-15
6.1533824476458515e-15
6.6811578374626615e-15
8.710648064888017e-15
8.815985005424439e-15
1.1195953150579684e-14
1.1281460408363168e-14
1.3693920947683452e-14
1.4203739363216341e-14
1.7767058187171862e-14
1.906812393720804e-14
1.987754161112311e-14
2.4064016635790853e-14
2.995614852616244e-14
3.0621551872271496e-14
3.2451191024274566e-14
3.3352889174920984e-14
4.0148273183588096e-14
4.642172222938635e-14
4.857399227328818e-14
4.889064273650275e-14
4.947453030819455e-14
