E
-14.561450864229313
-13.86956759827236
-13.86956759827231
-13.416994678953879
-13.416994678953866
-13.41699467895374
-13.064372829847507
-12.47997080689809
-12.479970806898034
-12.479970806897976
-12.1330256642959
-12.133025664295788
-12.13302566429578
-12.133025664295763
-12.13302566429576
-12.133025664295713
-11.756836861920112
-11.756836861920055
-11.297940926025063
-11.297940926025046
-11.29794092602504
-11.297940926025028
-11.297940926025019
-11.297940926024909
-11.076035149057853
2.2277259772097433
2.3026530673178893
2.3026530673179053
2.3026530673179058
2.3026530673179106
2.3026530673179124
2.302653067317914
2.302653067317917
2.3026530673179284
2.406662813100815
2.4066628131008154
2.4066628131008168
2.4066628131008208
2.406662813100837
2.4066628131008554
2.512745569118748
2.512745569118791
2.5181722731938216
2.628009819282612
3.0798749374609327
3.0798749374609375
3.079874937460943
3.0798749374609464
3.079874937460961
3.079874937460982
