E
-52.36798320315267
-52.06741354576145
-52.067413545761084
-51.758004269747445
-51.75800426974723
-51.75800426974718
-51.735956964530246
-51.73595696452984
-51.73595696452885
-51.438609526352145
-51.43860952635157
-51.17657980770625
-41.15254960830518
-41.114605233780416
-41.1146052337804
-41.0638865096852
-41.06388650968446
-40.99706037306403
-40.6349204235677
-40.634920423567685
-40.63492042356767
-40.63492042356757
-40.63492042356756
-40.63492042356754
-40.62222468229048
-1.6386336784161555e-15
-2.4478869710654842e-17
5.053706502774974e-16
3.4139258949477086e-15
3.813172122900702e-15
3.8611877734510585e-15
4.887778606889473e-15
5.246474067555009e-15
6.023087714722064e-15
6.52965763922283e-15
7.04750690611213e-15
7.619517946205169e-15
9.907116767452076e-15
1.1354543068245499e-14
1.3000038179154935e-14
1.3004394321013406e-14
2.0016656404759093e-14
2.031670294171044e-14
2.083020685002976e-14
3.3612891837688207e-14
3.5387988993518306e-14
3.5687056290266126e-14
4.534410897012644e-14
4.73094189835058e-14
8.16046091651925e-14
