E
-62.65359085077625
-62.40084341404732
-62.40084341404654
-62.14244831493372
-62.1424483149336
-62.14244831493341
-62.12973240049676
-62.12973240049667
-62.129732400496295
-61.87915697111157
-61.87915697111144
-61.6483475532394
-49.02627190779864
-49.00038890047538
-49.00038890047479
-48.9616375456465
-48.96163754564546
-48.91900597757446
-48.45622461326104
-48.45622461326094
-48.45622461326064
-48.45622461326056
-48.456224613260474
-48.45622461326035
-48.44894892498858
1.769370400879789e-16
2.8764383346408637e-15
3.1485816454497597e-15
3.581530733853027e-15
6.6362584575328365e-15
6.802407179221751e-15
7.530708628925367e-15
1.060343929996676e-14
1.1546564747733972e-14
1.2494175620256656e-14
1.448505890675294e-14
1.497784284752999e-14
1.525306767272971e-14
1.595092697776912e-14
1.596148953243728e-14
1.721293891110891e-14
2.1666677296706833e-14
2.4869217803164103e-14
2.5482760881060327e-14
2.851567923796455e-14
2.9159198165455205e-14
3.48532567278441e-14
3.915960069208086e-14
4.7306866411813595e-14
4.948561476742886e-14
