E
-42.66992420334105
-42.30543288001305
-42.30543288001275
-41.927151072476434
-41.92715107247624
-41.927151072476136
-41.885590887415816
-41.88559088741577
-41.88559088741562
-41.52567114767715
-41.525671147676995
-41.23575645239787
-33.65831355335397
-33.59910742338023
-33.59910742337972
-33.53493314295804
-33.53493314295779
-33.422112054661994
-33.215159245858324
-33.215159245858274
-33.21515924585806
-33.21515924585794
-33.215159245857734
-33.21515924585757
-33.19102840232322
-3.851220222181667e-15
-3.6699225676557505e-15
-2.610687141523376e-15
-2.325682574171418e-15
-2.299591616535437e-15
-2.025042259959217e-15
-1.368271217546914e-15
-4.0149388344067096e-16
2.249883663676397e-16
2.7953279381360814e-15
3.0229613203884614e-15
4.845625494826942e-15
6.21471841930647e-15
6.4134517760538714e-15
7.41073868995145e-15
7.47631582090456e-15
7.686610374562112e-15
8.383562717707702e-15
1.4088535709382699e-14
1.464861534326619e-14
1.4747898913955085e-14
2.206190179775443e-14
3.419188209108543e-14
3.6244750575391297e-14
4.605358196719526e-14
