E
-20.77760269625109
-20.148415038388684
-20.14841503838868
-19.55808979784879
-19.558089797848613
-19.558089797848584
-19.170446138811496
-19.17044613881147
-19.170446138811183
-18.784585714267948
-18.530965115481024
-18.53096511548101
-16.606953895246253
-16.60695389524619
-16.606953895246132
-16.606953895246033
-16.606953895245976
-16.60695389524584
-16.155923126061708
-16.155923126061516
-16.15592312606149
-16.155923126061484
-16.155923126061342
-16.15592312606134
-16.113900306540053
-0.10643068770601152
-0.10643068770600461
-0.10643068770599402
-2.3491910110190877e-14
-1.7285204975794362e-14
-1.5284003179194448e-14
-1.462025731434038e-14
-1.306225447341288e-14
-1.0505038941069958e-14
-1.000065152977692e-14
-8.929375483643589e-15
-3.346875266047235e-15
-1.9737221229544463e-15
-1.556196652267847e-15
-1.092417563099925e-15
-1.0547118733938987e-15
7.159350333339972e-16
1.484352271818837e-15
4.2043464839319285e-15
6.815740708794989e-15
7.533068893805737e-15
1.0646272034971428e-14
1.711353719982339e-14
2.0066597043339066e-14
2.202500761797411e-14
