E
-28.348272798009198
-27.83157159406877
-27.831571594068496
-27.297953969403903
-27.297953969403682
-27.297953969403473
-27.148080683626734
-27.148080683626716
-27.148080683626482
-26.634718928953376
-26.634718928953212
-26.421405845373787
-22.335369915067986
-22.185764673884155
-22.18576467388398
-22.143083321823426
-22.14308332182298
-22.111740538349267
-22.11174053834921
-22.111740538349128
-22.11174053834907
-22.111740538348798
-22.11174053834857
-22.09938422791174
-22.099384227911276
-3.552784444071706e-15
-2.2795951853415763e-15
-9.16393877617161e-16
-8.087784664937019e-16
-4.480935311196515e-16
-2.043574601796281e-16
2.1946163391569026e-15
2.460317728222532e-15
2.9378121855249265e-15
3.376161290589853e-15
3.7275255564104944e-15
3.735822587426808e-15
3.741966615146906e-15
4.028297600540864e-15
5.3665242745871066e-15
5.8994208861663874e-15
6.181764335598146e-15
7.009114763068576e-15
9.35505744276131e-15
1.2603296951298706e-14
1.3791460044924053e-14
1.4340182398420616e-14
1.599540595189268e-14
1.9876865606639507e-14
2.5757174171303632e-14
