E
-61.714786050582376
-61.45829634852644
-61.45829634852546
-61.195933563160835
-61.19593356316075
-61.19593356316051
-61.18261657077505
-61.18261657077495
-61.1826165707749
-60.9283771411804
-60.92837714118032
-60.69488237636222
-48.30983083272736
-48.28310616748506
-48.28310616748476
-48.243407866108534
-48.243407866108264
-48.19914677287832
-47.743809884497075
-47.74380988449694
-47.743809884496606
-47.74380988449636
-47.74380988449618
-47.74380988449584
-47.73618648244652
-1.0807641401965829e-14
-9.406043578110465e-15
-6.209748330615788e-15
-4.067135046524583e-15
-3.915183936603377e-15
-3.3030977409889243e-15
-1.1278071626106444e-15
-6.921735396759622e-16
-2.3871776317325356e-16
2.348524089108149e-15
6.044622245612244e-15
6.630902578988417e-15
6.873787405520449e-15
7.998427073830412e-15
8.602507300056767e-15
1.0752726170336626e-14
1.6710134457496865e-14
2.1291089351267312e-14
2.538857522865039e-14
2.7231635045558822e-14
2.7627780378571758e-14
2.851896113339444e-14
3.370528894350506e-14
4.139418609803297e-14
5.015567893274595e-14
