E
-30.091034532667678
-29.597656161484398
-29.597656161484085
-29.08544981897172
-29.085449818971696
-29.08544981897105
-28.961219454362084
-28.961219454361995
-28.96121945436194
-28.472177688796467
-28.47217768879594
-28.22419438298063
-23.738984169579833
-23.608826790676954
-23.60882679067681
-23.55326409755527
-23.5532640975551
-23.475493263376396
-23.475493263376308
-23.47549326337622
-23.475493263376183
-23.475493263375995
-23.47549326337593
-23.40244321502972
-23.402443215029592
-1.501570713994978e-14
-1.3519640752029052e-14
-1.1117778737813795e-14
-8.876278918971283e-15
-8.552148607774717e-15
-5.607312896097047e-15
-4.002623073849571e-15
-3.6962014012853685e-15
-1.4161926056835876e-15
-1.1443680948542343e-15
-8.423064922210124e-17
0.0
7.001379302588819e-16
1.350721891125822e-15
2.0613329729729866e-15
3.5485054519405353e-15
4.96695205661739e-15
6.541717165977918e-15
8.277902414347885e-15
1.15946820853275e-14
1.1910696551132373e-14
1.2856631457349688e-14
2.871646566547597e-14
3.280744691805236e-14
3.495656418654416e-14
