E
-65.47363339451027
-65.23151204089902
-65.2315120408987
-64.98435824681535
-64.98435824681526
-64.9843582468152
-64.97324314951115
-64.97324314951068
-64.97324314950765
-64.73307708774901
-64.73307708774726
-64.51008738431078
-51.176212440399624
-51.152631016513816
-51.15263101651363
-51.11655886142012
-51.11655886141998
-51.07833127402517
-50.59479174570415
-50.594791745703596
-50.594791745703496
-50.59479174570344
-50.5947917457033
-50.59479174570323
-50.58844093834805
-9.535333237924348e-15
-8.791009003051599e-15
-7.711855429925464e-15
-6.9828223200511345e-15
-4.470614029268141e-15
-1.0020873384334145e-16
8.742299651110361e-16
3.093283362796637e-15
3.593943952701146e-15
3.862523848272084e-15
5.056545330544522e-15
9.817284684106031e-15
1.2297151658262247e-14
1.2597007718153386e-14
1.2998716425916055e-14
1.624985799971979e-14
1.822768272751661e-14
2.0270756324480627e-14
2.4159735778563805e-14
2.6051471960078053e-14
2.996701665535845e-14
3.1015416038617274e-14
3.201767195905016e-14
3.5527443711734575e-14
3.808475850133054e-14
