E
-4.275216864659998
-4.2752168646599715
-4.275216864659968
-4.275216864659927
-4.275216864659919
-4.275216864659917
-4.032430694346789
-3.9529481734300096
-3.856975908220299
-3.8569759082202877
-3.6416794685142193
-3.641679468514213
-3.641679468514207
-3.313142742834305
-3.3131427428342923
-3.3131427428342914
-3.313142742834283
-3.3131427428342732
-3.3131427428342635
-3.190311377606627
-3.1903113776066263
-3.190311377606617
-3.190311377606611
-3.1903113776066103
-3.1903113776066085
9.655078245856663
9.663850127665778
9.663850127665812
9.80186983453947
9.80186983453951
9.801869834539554
9.801869834539556
9.801869834539579
9.801869834539593
10.377546735319386
10.377546735319399
10.377546735319433
10.731471964706811
10.731471964706854
10.731471964706863
10.731471964706898
10.731471964706934
10.73147196470695
11.375362565596353
11.581479321681078
11.58147932168117
11.581479321681263
11.941849950897284
11.941849950897288
12.624269046597847
