E
-8.643206521024323
-8.086092384984658
-8.086092384984566
-7.948010899881415
-7.895080825592957
-7.895080825592936
-7.895080825592879
-7.803479306481573
-7.803479306481536
-7.803479306481533
-7.803479306481523
-7.8034793064815196
-7.803479306481419
-6.723580960436081
-6.723580960436072
-6.7235809604360135
-6.723580960435992
-6.723580960435979
-6.7235809604359655
-6.707580993493056
-6.707580993493031
-6.707580993493031
-6.7075809934930195
-6.707580993493016
-6.7075809934930035
5.90117018689359
5.9011701868936095
5.90117018689362
5.901170186893636
5.90117018689364
5.901170186893648
5.901170186893649
5.901170186893656
5.901170186893657
5.90117018689366
5.901170186893665
5.90117018689369
6.9096416251894475
6.9096416251894945
6.90964162518951
6.997949940925065
6.997949940925067
6.997949940925084
6.997949940925105
6.997949940925119
6.997949940925162
7.024140576893409
7.080002114849
7.080002114849042
7.5706637439483115
