E
-9.968127600770647
-9.349382840054963
-9.349382840054844
-9.114102149987605
-9.114102149987584
-9.114102149987573
-9.087028730613339
-8.787545863371903
-8.78754586337187
-8.787545863371854
-8.787545863371808
-8.787545863371799
-8.787545863371781
-7.751948326374455
-7.751948326374434
-7.751948326374427
-7.75194832637441
-7.751948326374405
-7.751948326374403
-7.695226659405035
-7.695226659405017
-7.695226659405009
-7.695226659404999
-7.695226659404998
-7.695226659404995
4.901515968469769
4.901515968469771
4.901515968469783
4.901515968469797
4.952376866125555
4.952376866125561
4.952376866125564
4.952376866125566
4.9523768661255785
4.952376866125579
4.952376866125598
4.95237686612562
5.759556923293006
5.759556923293019
5.759556923293044
5.925789217477146
5.925789217477192
5.943676284336535
6.047849845371691
6.047849845371749
6.0478498453717835
6.047849845371796
6.0478498453718
6.047849845371822
6.320641148826246
