E
-27.053598947374546
-26.51869981890972
-26.518699818909255
-25.969679522628624
-25.969679522628475
-25.969679522628475
-25.79613760052508
-25.796137600524965
-25.79613760052483
-25.263471989608142
-25.26347198960794
-25.087080456466147
-21.286328140701507
-21.15535718926311
-21.155357189262904
-21.1553571892628
-21.155357189262787
-21.1553571892627
-21.155357189262677
-21.119296526236774
-21.11929652623639
-21.096265914209116
-21.096265914209077
-21.096265914208935
-21.09626591420891
-5.591370041002385e-15
-5.017230790905262e-15
-4.07785412611945e-15
-3.413242822288729e-15
-2.878059006305797e-15
-2.643848045109725e-15
-1.0265966715881793e-15
-8.649232060983344e-16
-4.173521513584363e-16
-6.437752762987072e-17
2.2920196937911517e-15
3.552808412001964e-15
6.426401773073461e-15
6.4513867493298515e-15
8.422561938222086e-15
8.615857400378637e-15
1.0742969698741811e-14
1.294843039233864e-14
1.3284393471838162e-14
2.4435079713855913e-14
2.8912808701484626e-14
2.9801503912582464e-14
4.0236046259603755e-14
4.619861983059809e-14
4.8954519101952847e-14
