E
-1.213864627709345
-1.2138646277093381
-1.2138646277093352
-1.2138646277093261
-1.21386462770932
-1.2138646277093088
-0.9697877720678852
-0.9697877720678799
-0.9697877720678739
-0.969787772067863
-0.9697877720678437
-0.9697877720678273
-0.9151343032051655
-0.9151343032051562
-0.9151343032051558
-0.9151343032051472
-0.9151343032051454
-0.9151343032051319
-0.9151343032051233
-0.9151343032051138
-0.5833929599915231
-0.5617065490544508
-0.5617065490544393
-0.5617065490544351
-0.5617065490544331
13.659359632078665
13.863253727889537
13.863253727889557
13.863253727889571
13.863253727889646
13.863253727889658
13.863253727889756
14.505152890585553
14.505152890585604
14.505152890585691
14.505152890585718
14.505152890585785
14.505152890585975
15.352834519170644
15.35283451917068
16.026424587156434
16.04238251173792
16.04238251173795
16.042382511737962
16.630342906402834
16.63034290640291
16.630342906403143
17.18917103479545
17.189171034795496
17.857800682623992
