E
-67.82746187747553
-67.59356205888186
-67.59356205888149
-67.35508000851145
-67.35508000851078
-67.35508000851046
-67.34510079890495
-67.3451007989046
-67.34510079890441
-67.11299479467854
-67.11299479467661
-66.89624281303418
-52.968471712931574
-52.9465835947997
-52.94658359479911
-52.912567841670494
-52.912567841669976
-52.87752886657195
-52.3783077670113
-52.3783077670107
-52.37830776701053
-52.37830776701051
-52.37830776701042
-52.37830776701031
-52.37261211852681
-9.660658139647452e-15
-8.190101431260472e-15
-4.912644933808252e-15
-1.3582481353623911e-15
-1.3485323193964272e-15
3.134414237294042e-16
6.452014662535627e-15
9.85034148449926e-15
1.077151874328858e-14
1.101288496846031e-14
1.3242872780064022e-14
1.463184083517947e-14
1.872806947561036e-14
1.9347948206805413e-14
1.9482359713718083e-14
2.1329592821512133e-14
2.1833030695958638e-14
2.3224771804095517e-14
2.565445755354167e-14
2.630086671981124e-14
2.9766339025182805e-14
3.8396766640495784e-14
4.6102010529105656e-14
4.682399419843343e-14
5.948944129069918e-14
