E
-2.0618848799896066
-2.0618848799896057
-2.0618848799896003
-2.0618848799895995
-2.0618848799895853
-2.061884879989571
-1.6275209137334095
-1.627520913733392
-1.6275209137333824
-1.6275209137333788
-1.6275209137333766
-1.6275209137333757
-1.5479232309653865
-1.547923230965379
-1.5479232309653779
-1.5479232309653779
-1.5479232309653754
-1.5479232309653712
-1.5479232309653603
-1.547923230965357
-1.509707885886328
-1.3925401221603202
-1.3925401221603027
-1.2406568678950871
-1.2247474622213244
12.388003919192549
12.658590582402109
12.658590582402207
12.65859058240222
12.65859058240223
12.658590582402297
12.658590582402361
13.39535195298471
13.395351952984765
13.395351952984786
13.395351952984793
13.395351952984797
13.395351952984862
13.66733411573131
13.667334115731451
14.377810636021943
14.377810636021968
14.377810636022035
14.62216627065885
15.111728555285506
15.11172855528551
15.111728555285536
15.63059365281951
15.630593652819593
16.31440680493404
