E
-65.94413663374328
-65.70370362804609
-65.70370362804557
-65.45833249079918
-65.4583324907986
-65.45833249079666
-65.44745778204711
-65.44745778204673
-65.44745778204641
-65.20894644456111
-65.2089464445599
-64.98722473319457
-51.53461997497311
-51.51139242795605
-51.51139242795486
-51.475744000420484
-51.475744000419674
-51.43818650460155
-50.951399913498236
-50.951399913498115
-50.951399913498065
-50.951399913497895
-50.95139991349777
-50.951399913497596
-50.945187837639644
-7.498052463272014e-15
-6.245325310838481e-15
-5.331229400035441e-15
-2.5721185845931978e-15
-7.340248375953365e-16
6.031792280095477e-15
7.90643659568732e-15
1.1321873550260565e-14
1.411007468615128e-14
1.8233763749426906e-14
1.842148920364864e-14
2.149686385578571e-14
2.275640868207872e-14
2.304259233936053e-14
2.7359151902194517e-14
2.9221586976053375e-14
3.190394906462126e-14
3.353274540175282e-14
3.906197207106091e-14
3.997208152796998e-14
4.998428355042728e-14
5.4996210883685375e-14
5.558645947876031e-14
6.737088789461299e-14
9.198562176946179e-14
