E
-6.116145365041583
-5.891203371665026
-5.891203371664989
-5.891203371664978
-5.891203371664961
-5.891203371664959
-5.8912033716649415
-5.766460411272687
-5.738732166241294
-5.738732166241277
-5.57105999482131
-5.571059994821277
-5.571059994821276
-4.7962015589042
-4.796201558904173
-4.796201558904146
-4.796201558904142
-4.796201558904139
-4.796201558904139
-4.796201558904135
-4.796201558904132
-4.796201558904127
-4.796201558904105
-4.739681600870448
-4.739681600870386
7.862053958696845
7.862053958696845
7.862053958696846
7.862053958696854
7.862053958696868
7.862053958696868
7.925922916936989
7.925922916936992
7.9259229169370045
7.925922916937007
7.925922916937044
7.925922916937052
8.953486768646663
8.953486768646703
8.953486768646744
8.953486768646762
8.953486768646762
8.953486768646835
9.280291287442411
9.321490547289198
9.32149054728929
9.321490547289327
9.565954298113885
9.565954298113912
10.193002494544611
