E
-78.69062897208981
-78.4885024837792
-78.48850248377845
-78.28331596626504
-78.28331596626491
-78.28331596626477
-78.2769669803231
-78.27696698032298
-78.27696698032238
-78.07607004114026
-78.0760700411402
-77.88479345474393
-61.21882913218095
-61.202803174127425
-61.20280317412681
-61.17648577713556
-61.17648577713458
-61.15210497283701
-60.595276440388794
-60.59527644038847
-60.59527644038837
-60.595276440388155
-60.595276440388076
-60.59527644038782
-60.59166741460161
-1.571785402791054e-14
-1.2657261971992412e-14
-1.0278904937113365e-14
-7.3802001837024e-15
-6.8056488665107434e-15
-4.964597793818844e-15
-4.392744400666275e-15
-3.763413478249119e-15
-2.421952871313255e-15
-2.3670536713861542e-15
-1.2676197260425402e-15
-1.0864830216618886e-15
2.0625005480330785e-15
3.2850714891895603e-15
6.874638331002292e-15
8.00209462143752e-15
1.1537377091765402e-14
1.7016659949724684e-14
1.7677714339477132e-14
1.900185265040301e-14
2.4469899156728283e-14
3.77760714888937e-14
5.192492956252819e-14
5.631238821584191e-14
6.287365033617585e-14
