E
-1.0060636300669346
-1.0060636300669346
-1.006063630066926
-1.0060636300669257
-1.0060636300669241
-1.0060636300669128
-0.8067757702489636
-0.8067757702489496
-0.806775770248946
-0.8067757702489431
-0.8067757702489352
-0.8067757702489214
-0.759443482666842
-0.759443482666838
-0.7594434826668228
-0.7594434826668146
-0.7594434826668104
-0.7594434826668053
-0.759443482666803
-0.759443482666801
-0.4033878851245145
-0.4033878851244833
-0.4033878851244813
-0.4033878851244763
-0.40338788512447116
13.98976208678319
14.169744215255507
14.169744215255514
14.169744215255534
14.169744215255555
14.169744215255617
14.16974421525565
14.786661924210264
14.786661924210268
14.786661924210318
14.786661924210328
14.786661924210414
14.78666192421042
15.780084207209905
15.780084207210042
16.388283441930948
16.463449315169793
16.46344931516984
16.4634493151701
17.01911769774678
17.019117697746797
17.01911769774711
17.585310432778737
17.585310432778876
18.24927784567157
