E
-5.811421016675145
-5.657132901187347
-5.657132901187327
-5.657132901187275
-5.657132901187264
-5.657132901187249
-5.657132901187203
-5.502131174385727
-5.460853413689882
-5.460853413689744
-5.289935611336923
-5.2899356113369045
-5.289935611336875
-4.562979939833083
-4.562979939833077
-4.562979939833072
-4.5629799398330695
-4.5629799398330695
-4.562979939833045
-4.562979939833043
-4.562979939833042
-4.562979939833038
-4.498089232020602
-4.4980892320205985
-4.498089232020571
8.113528368704475
8.113528368704491
8.113528368704493
8.113528368704499
8.113528368704507
8.113528368704515
8.188334608651276
8.18833460865132
8.188334608651322
8.18833460865133
8.188334608651333
8.188334608651378
9.20346573681742
9.203465736817423
9.203465736817433
9.203465736817476
9.203465736817478
9.203465736817527
9.572111482789467
9.634975297005365
9.634975297005395
9.634975297005424
9.894030878123809
9.894030878123809
10.532494113720677
