E
-70.18437768039229
-69.95817868036788
-69.9581786803674
-69.7277983271802
-69.72779832717974
-69.72779832717946
-69.71880611527403
-69.71880611527351
-69.71880611527322
-69.4942550825778
-69.4942550825769
-69.28348522155945
-54.761250923241334
-54.74088153460439
-54.7408815346039
-54.70877289468027
-54.708772894679676
-54.676554192383094
-54.162938901003024
-54.16293890100302
-54.16293890100287
-54.162938901002434
-54.1629389010024
-54.16293890100219
-54.15781172073173
-7.82838037585772e-15
-7.332165992578228e-15
-6.7016355352967574e-15
-5.253574773965519e-15
-4.737819482393205e-15
7.761394341719234e-17
3.8904603390744244e-15
6.8790059871060445e-15
9.665269058547153e-15
1.1493022910435483e-14
1.5197202350982676e-14
1.7080858381691518e-14
1.852685718991373e-14
1.9039570171739293e-14
2.3129229472000734e-14
2.318508788018807e-14
2.3514787378248737e-14
2.74850882509212e-14
2.7741999730083267e-14
3.960790635986927e-14
4.374653383773198e-14
4.4012302815628927e-14
4.422664717190971e-14
6.599246680221602e-14
7.174976430448414e-14
