E
-74.90632937873399
-74.69414836229585
-74.69414836229357
-74.4784633490295
-74.47846334902898
-74.47846334902889
-74.47108816289939
-74.47108816289922
-74.47108816289831
-74.26030422257551
-74.26030422257367
-74.060746844703
-58.348169934051924
-58.33040278457569
-58.33040278457491
-58.30170280987686
-58.30170280987606
-58.27422277554461
-57.73512000841006
-57.73512000840999
-57.73512000840979
-57.735120008409545
-57.735120008408956
-57.73512000840892
-57.73092236440027
-6.0248015937813654e-15
-4.450913807602474e-15
-4.0920611288195275e-15
-2.9923977222487564e-15
-1.1919074660546273e-15
-6.210610748905747e-16
5.030748545225279e-16
1.9611556488661956e-15
5.519058516681764e-15
5.6893299910197626e-15
1.3247140364528058e-14
1.4905619872065463e-14
1.739813381752269e-14
1.965689038576768e-14
1.9707600044364012e-14
2.1571723282773744e-14
2.2128999809405408e-14
2.4457426801210226e-14
2.770898302683818e-14
3.7682386663549665e-14
4.191729385848713e-14
4.8823410402810615e-14
5.1699370719980837e-14
5.27307355485619e-14
7.129415829645951e-14
