E
-3.823217973165373
-3.823217973165372
-3.8232179731653586
-3.823217973165344
-3.823217973165331
-3.8232179731653093
-3.457486925597611
-3.450348118694325
-3.344509592282863
-3.3445095922828254
-3.106048174633095
-3.1060481746330875
-3.106048174633056
-2.971177889404621
-2.9711778894046095
-2.9711778894046086
-2.9711778894045886
-2.971177889404583
-2.971177889404582
-2.850235734589528
-2.850235734589511
-2.8502357345895097
-2.850235734589508
-2.850235734589505
-2.8502357345894977
10.182105546165623
10.355719357259423
10.355719357259481
10.35571935725951
10.35571935725952
10.35571935725952
10.355719357259636
10.436299510991587
10.436299510991649
11.157064295817733
11.157064295817744
11.157064295817898
11.252079558894732
11.252079558894758
11.252079558894778
11.252079558894787
11.252079558894838
11.252079558894852
11.998364208884741
12.257495815490609
12.257495815490747
12.25749581549079
12.653475481498846
12.653475481498946
13.342247483560401
