E
-12.387228900809118
-11.707771185313263
-11.707771185313263
-11.35929795831156
-11.359297958311297
-11.35929795831123
-11.170274340899493
-10.559224798446042
-10.559224798446031
-10.559224798445964
-10.559224798445952
-10.559224798445928
-10.559224798445912
-10.120185366858653
-10.120185366858616
-10.120185366858607
-9.619102686291377
-9.61910268629137
-9.619102686291367
-9.619102686291328
-9.619102686291303
-9.61910268629126
-9.480912617334472
-9.480912617334354
-9.480912617334338
3.3405080336677675
3.340508033667776
3.3405080336677764
3.3405080336677764
3.3405080336677773
3.340508033667801
3.4276790379277333
3.4276790379277386
3.427679037927757
3.427679037927759
3.4276790379277644
3.427679037927766
3.8217049788062036
3.821704978806213
3.8217049788062387
4.0301395346952305
4.030139534695267
4.122007006688493
4.226032778584873
4.4268539045888025
4.426853904588821
4.426853904588836
4.426853904588857
4.4268539045888815
4.426853904588882
