E
-30.529449298593693
-30.04171686325163
-30.041716863251605
-29.534916717766386
-29.534916717766176
-29.534916717766098
-29.41621641811088
-29.41621641811051
-29.41621641811044
-28.932999889150068
-28.932999889150032
-28.67842441272
-24.09064755284524
-23.96478250515254
-23.96478250515242
-23.9068726895007
-23.906872689500446
-23.817968486855037
-23.817968486854923
-23.817968486854916
-23.817968486854763
-23.81796848685449
-23.81796848685428
-23.74819501119272
-23.748195011192546
-1.313049026247523e-14
-8.691797661255264e-15
-6.657149834730578e-15
-6.389910544126084e-15
-3.349334091055884e-15
-3.3062999414476668e-15
-2.653487730680613e-15
-8.749722047730313e-16
1.4053756353096945e-16
8.517526783314114e-16
2.283643890036079e-15
3.419110549270489e-15
4.146619015515536e-15
5.294729628209293e-15
5.703874789133767e-15
5.976940935900165e-15
6.218264384466794e-15
7.837302523426557e-15
8.902654555749055e-15
9.353530596272905e-15
1.771010725450449e-14
1.8663048571977682e-14
2.5068173663083596e-14
3.151063034502138e-14
4.579302695653094e-14
