E
-63.5930176622433
-63.34390979015997
-63.3439097901599
-63.089369150743806
-63.089369150743295
-63.08936915074319
-63.07721891382529
-63.07721891382528
-63.07721891382522
-62.83020786875236
-62.83020786875128
-62.60204492699593
-49.742818985068325
-49.71773888349729
-49.71773888349712
-49.67990716356727
-49.67990716356711
-49.638820743590095
-49.168866484748925
-49.16886648474851
-49.16886648474805
-49.168866484748015
-49.16886648474781
-49.168866484747795
-49.161917818250856
-9.721885137596399e-15
-9.216835463655969e-15
-8.07823485077273e-15
-7.232904404749366e-15
-5.472038552872852e-15
-5.176586941025809e-15
-3.83431651323566e-15
-3.319750633500754e-15
-2.9614130299561283e-15
-2.0171903732059393e-15
-1.436340052906235e-15
-1.1810924674333763e-15
-2.0215814411306902e-16
1.2586952374996977e-15
1.5949033437359474e-15
3.165747491148793e-15
8.857189481861662e-15
1.1684936646340137e-14
1.1966222406767177e-14
1.524163197672765e-14
1.538121565286605e-14
1.738971415153825e-14
3.087481783096587e-14
3.409480791476327e-14
4.5411956044258726e-14
