E
-61.24562554814396
-60.98722492514654
-60.98722492514537
-60.72283438738601
-60.722834387385824
-60.72283438738544
-60.70920271917243
-60.70920271917223
-60.70920271917139
-60.453092690964
-60.453092690963786
-60.21824101224222
-47.95165161216292
-47.92449080938525
-47.92449080938488
-47.8843086383249
-47.88430863832436
-47.83919928583634
-47.38769103778739
-47.38769103778733
-47.38769103778722
-47.38769103778713
-47.38769103778705
-47.38769103778682
-47.379885510526194
-7.15711764663983e-15
-7.034074152271754e-15
-6.154743637680385e-15
-5.68566060242239e-15
-4.037298108185221e-15
-2.8963713469949747e-15
-2.495056174429158e-15
-2.107218351940519e-15
-2.6171694391085525e-16
8.414789603944146e-17
7.967557472312761e-16
2.715261025826703e-15
4.299984703874525e-15
1.1464094538615647e-14
1.1848361862598433e-14
1.2931381498969076e-14
1.2951400383090754e-14
1.4921704004382697e-14
1.578665558298558e-14
1.5954358495960078e-14
1.799415870118144e-14
2.9314470668424135e-14
3.055503075561933e-14
3.39004379400531e-14
7.532895731631019e-14
