E
-22.82861878372085
-22.230491093495406
-22.230491093495356
-21.643213636646916
-21.643213636646802
-21.643213636646777
-21.3500296842475
-21.35002968424735
-21.3500296842472
-20.7996209827651
-20.747297870865815
-20.747297870865577
-18.08816492938717
-18.08816492938689
-18.088164929386856
-18.088164929386753
-18.088164929386725
-18.088164929386686
-17.82084567934638
-17.771671089518232
-17.77167108951808
-17.771671089518073
-17.771671089518062
-17.771671089517955
-17.771671089517795
-5.3312855238999555e-15
-2.8662023571610465e-15
-1.9629637787528034e-15
-1.5778255442768613e-15
-1.1814893443745338e-15
-1.173688151078991e-15
-7.598588666098729e-16
-5.626415580384783e-16
-4.4044788010418133e-16
-3.650211692278581e-16
2.3325732034338435e-15
2.8912946113314056e-15
5.265060701877321e-15
6.59840861611104e-15
7.182525061520008e-15
8.638869871841146e-15
8.893488479509383e-15
9.52507205088124e-15
1.1421756958170816e-14
1.4776144082132087e-14
1.697062867973163e-14
1.7536340873839886e-14
2.038399361330486e-14
2.195755049425762e-14
4.048262362795856e-14
