E
-10.305875728374161
-9.674884573796877
-9.67488457379678
-9.425661720046026
-9.425661720045909
-9.425661720045849
-9.377305511280825
-9.036669917558907
-9.03666991755887
-9.036669917558847
-9.036669917558834
-9.036669917558829
-9.036669917558816
-8.013198485856723
-8.013198485856668
-8.01319848585666
-8.01319848585658
-8.013198485856579
-8.013198485856545
-7.945713208655496
-7.945713208655479
-7.945713208655471
-7.945713208655462
-7.945713208655424
-7.945713208655418
4.6589964342502626
4.718322171561843
4.71832217156185
4.718322171561861
4.718322171561874
4.718322171561874
4.7183221715618835
4.718322171561884
4.718322171561886
4.718322171561903
4.718322171561949
4.718322171561956
5.477137561721472
5.477137561721517
5.477137561721581
5.645748383013578
5.6457483830136015
5.678152164093097
5.8130602156628735
5.813060215662908
5.81306021566291
5.813060215662937
5.813060215662941
5.813060215662958
6.014302315498941
