E
-45.885202509595004
-45.54452632043392
-45.54452632043327
-45.19194007332353
-45.19194007332345
-45.191940073322975
-45.1587739848236
-45.15877398482315
-45.158773984823135
-44.822203037984245
-44.82220303798364
-44.540384284194694
-36.15314195525297
-36.10263794598982
-36.1026379459893
-36.04287246338316
-36.04287246338308
-35.949294263202844
-35.68150784432021
-35.68150784431974
-35.68150784431967
-35.68150784431966
-35.68150784431962
-35.68150784431899
-35.662308612751964
-6.2769421133104455e-15
-5.729373884061278e-15
-4.588238145175706e-15
-4.392976409569935e-15
-2.024196288616271e-15
-1.5986077475619674e-15
-5.347377468544763e-16
9.307053351551868e-16
3.012351666578559e-15
3.3401168382945822e-15
4.953059491786522e-15
4.953627614913383e-15
6.034155856606445e-15
7.549561259470394e-15
8.485714509389766e-15
1.2542037691638256e-14
1.2762390500265631e-14
1.6209682865560007e-14
1.7217937744518378e-14
1.975377249690155e-14
2.234644530896261e-14
2.7310375935459475e-14
2.983152308149184e-14
3.4725262104793704e-14
4.411851663123348e-14
