E
-7.676642298000215
-7.178751478738109
-7.1787514787380005
-7.115542192773925
-7.077929099086359
-7.077929099086334
-7.077929099086323
-7.077929099086306
-7.077929099086294
-7.077929099086265
-7.007031448113658
-7.007031448113621
-7.007031448113588
-5.981156135572364
-5.981156135572362
-5.981156135572351
-5.981156135572346
-5.9811561355723395
-5.981156135572338
-5.981156135572338
-5.9811561355723315
-5.981156135572313
-5.981156135572301
-5.981156135572299
-5.981156135572279
6.626276196652993
6.626276196653
6.626276196653015
6.626276196653016
6.626276196653019
6.626276196653029
6.639034225827294
6.63903422582731
6.639034225827315
6.639034225827321
6.639034225827322
6.639034225827346
7.722345340449502
7.722345340449532
7.722345340449574
7.722345340449584
7.7223453404496105
7.722345340449615
7.795350267702682
7.795350267702701
7.795350267702718
7.854620936386238
7.983599939562931
7.983599939562953
8.534669736679232
