E
-0.1960428440162566
-0.19604284401625272
-0.1960428440162416
-0.19604284401623712
-0.19604284401623695
-0.19604284401623673
-0.16026755254314196
-0.16026755254312824
-0.16026755254312722
-0.1602675525431255
-0.16026755254310743
-0.16026755254310507
-0.1490369740892521
-0.14903697408923838
-0.14903697408923655
-0.14903697408923516
-0.14903697408923477
-0.1490369740892294
-0.14903697408921918
-0.14903697408920866
-0.08013377627156798
-0.08013377627156582
-0.08013377627156473
-0.08013377627156024
-0.08013377627155924
15.325607039817475
15.41557656510098
15.415576565101158
15.415576565101158
15.415576565101226
15.415576565101237
15.41557656510126
15.928872462951734
15.928872462951771
15.928872462951842
15.928872462951848
15.928872462951867
15.92887246295193
17.509203558949856
17.509203558949906
17.880704043786803
18.165508948801563
18.165508948801588
18.165508948801595
18.608088904753018
18.608088904753018
18.60808890475307
19.19374016418029
19.193740164180397
19.836584386377588
