E
-46.80739658840035
-46.473026583458854
-46.47302658345826
-46.12724287153911
-46.12724287153892
-46.12724287153868
-46.09605977025334
-46.09605977025329
-46.09605977025321
-45.76566169797801
-45.765661697977166
-45.48648328090394
-36.86662261129419
-36.818259165018624
-36.81825916501762
-36.759804702683724
-36.759804702683645
-36.6708782755598
-36.38760543706418
-36.38760543706402
-36.38760543706394
-36.38760543706377
-36.38760543706371
-36.387605437063534
-36.369568808777636
-4.366592554119839e-15
-2.101578855440208e-15
-1.4329899530151266e-15
-1.6179987131225336e-16
1.6018941295567141e-15
1.7548371901927795e-15
1.8187627728589403e-15
1.9262179345384426e-15
2.3971994779503055e-15
3.3532085133585932e-15
5.806541811705165e-15
7.566072907143274e-15
8.140436693051351e-15
9.091367032985535e-15
9.216104332268146e-15
1.0262941911586959e-14
1.0639676656888512e-14
1.5004654557231806e-14
1.6043928569695624e-14
2.23250977773519e-14
2.6492601863497826e-14
2.6844573377054812e-14
3.5174125348747535e-14
5.4081527150005206e-14
6.859679394298476e-14
