E
-16.060777616604923
-15.375085364952291
-15.375085364952202
-14.864484539471636
-14.864484539471551
-14.86448453947152
-14.394556150957962
-14.103639467515698
-14.103639467515634
-14.103639467515594
-13.390440287337885
-13.390440287337858
-13.212899567885945
-13.212899567885914
-13.212899567885865
-13.212899567885835
-13.212899567885756
-13.212899567885731
-12.461225134946567
-12.46122513494654
-12.46122513494654
-12.461225134946536
-12.46122513494647
-12.461225134946469
-12.183093803651875
1.337671505642849
1.4205961120231811
1.5494985933345955
1.5494985933346028
1.6547621834033286
1.6547621834033335
1.654762183403334
1.6547621834033366
1.6547621834033401
1.6547621834033417
1.654762183403343
1.6547621834033475
1.6670454090652995
1.7380409073845402
1.7380409073845446
1.7380409073845549
1.738040907384559
1.7380409073845602
1.738040907384562
2.2055591467065834
2.2055591467065936
2.2055591467065945
2.2055591467065967
2.205559146706623
2.2055591467066264
