E
-3.598881643801143
-3.5988816438011426
-3.598881643801129
-3.5988816438011155
-3.5988816438011124
-3.5988816438010995
-3.2016265696914394
-3.1732496259687015
-3.09211068093442
-3.09211068093439
-2.840686557829253
-2.840686557829234
-2.8406865578292124
-2.8011148743080163
-2.8011148743079604
-2.8011148743079466
-2.8011148743079453
-2.80111487430794
-2.801114874307936
-2.6853139547090565
-2.6853139547090445
-2.6853139547090406
-2.685313954709019
-2.685313954709012
-2.685313954709006
10.448215975412868
10.635836307128278
10.635836307128312
10.635836307128328
10.635836307128347
10.63583630712841
10.635836307128457
10.828244206269586
10.82824420626961
11.514598140085527
11.514598140085564
11.514598140085576
11.514598140085589
11.514598140085626
11.514598140085658
11.550896709864386
11.550896709864523
11.55089670986453
12.314405876519924
12.600968595604556
12.60096859560458
12.600968595604595
13.014443374859278
13.014443374859447
13.705066859945399
