E
-72.07193415406519
-71.85155187971729
-71.85155187971658
-71.62727755820399
-71.62727755820313
-71.62727755820285
-71.61898368624553
-71.61898368624527
-71.61898368624522
-71.40014290973592
-71.40014290973525
-71.1939765972957
-56.195813829309756
-56.17654934227869
-56.176549342277966
-56.1458660389711
-56.14586603897071
-56.11567430759681
-55.591372173549665
-55.591372173549324
-55.591372173549296
-55.591372173549175
-55.59137217354905
-55.591372173548415
-55.58664671631754
-6.5778051698746945e-15
-5.438639520786844e-15
-1.3528878127214147e-15
-9.948570355405851e-17
1.3431858553993531e-15
1.7618316916069386e-15
3.4737481544620785e-15
6.205549168221659e-15
6.869374353523072e-15
8.834871545590803e-15
9.491411968850954e-15
1.164883914683209e-14
1.2029055011262427e-14
1.327798327200609e-14
1.3883240039770674e-14
2.6422148114637684e-14
2.879847006388806e-14
3.607580756286997e-14
3.693636543698083e-14
3.816818559803395e-14
3.9227471456759326e-14
4.178617306310355e-14
4.3111029427514607e-14
4.7907357384393975e-14
7.710619819454827e-14
