E
-29.217408066235997
-28.712512092304312
-28.71251209230415
-28.189530656099283
-28.189530656099198
-28.189530656098725
-28.053231459239743
-28.05323145923972
-28.05323145923952
-27.552233835056885
-27.552233835056185
-27.319782252596656
-23.03653782635471
-22.897141256895246
-22.897141256895175
-22.847257671521216
-22.847257671520957
-22.792328422206126
-22.792328422205827
-22.792328422205788
-22.79232842220578
-22.792328422205617
-22.792328422205603
-22.73410134394222
-22.73410134394206
-6.712091119322642e-15
-4.997547168745157e-15
-4.839808766065753e-15
-4.401192823386993e-15
-2.1566125205770073e-15
-1.955085704035166e-15
-5.593787274656918e-16
-5.154752489283555e-16
7.388044158095195e-17
1.7763579301555593e-15
2.2092862703127466e-15
3.08962382587763e-15
4.366895463557608e-15
5.173709283450907e-15
5.5185480923682946e-15
6.284054645013221e-15
8.082749597486275e-15
1.2673087640006215e-14
1.5281440386456563e-14
1.5987211554602254e-14
1.6195157505172417e-14
2.1309856797278635e-14
2.1316282072803006e-14
3.4349579060757234e-14
3.57327961961216e-14
