E
-73.0163400254671
-72.7987588745545
-72.79875887455319
-72.57742083093477
-72.57742083093424
-72.57742083093392
-72.56944925375011
-72.56944925374997
-72.56944925374935
-72.3533595104299
-72.35335951042981
-72.1494352271286
-56.913200309255686
-56.89445513261959
-56.894455132619235
-56.8644529031533
-56.864452903152824
-56.835206338806735
-56.30581413527291
-56.3058141352727
-56.305814135272655
-56.305814135272534
-56.305814135272335
-56.30581413527202
-56.30127393478783
-1.1123323915642617e-14
-1.0143296206293857e-14
-9.065948234413765e-15
-8.712260503519039e-15
-5.365004025802126e-15
4.751391544615291e-16
1.1123361721037453e-15
3.871405509452985e-15
4.0094974260937894e-15
5.037062210632973e-15
5.622674386111073e-15
1.0923389933610196e-14
1.1507598875769577e-14
1.233543844339477e-14
1.319168381781705e-14
1.3382742519096267e-14
1.7002474434509102e-14
2.137784494647733e-14
2.542617228737284e-14
2.5543791584671012e-14
2.8422137667136506e-14
2.908791914279442e-14
2.95066603174008e-14
3.620615962681094e-14
4.676150342356888e-14
