E
-16.44161411061014
-15.758818631239683
-15.758818631239548
-15.23598798552533
-15.235987985525261
-15.23598798552523
-14.736638422432328
-14.515258849263946
-14.51525884926394
-14.51525884926385
-13.806238638621329
-13.806238638621299
-13.486846233600188
-13.486846233600167
-13.486846233600165
-13.48684623360013
-13.486846233600113
-13.4868462336001
-12.757644059572176
-12.757644059572174
-12.757644059572144
-12.757644059572117
-12.757644059572112
-12.757644059572081
-12.490612392956413
1.1685229383974354
1.1685229383974516
1.3144404672860772
1.314440467286098
1.4313488730642459
1.4946393754914098
1.4946393754914125
1.4946393754914145
1.4946393754914156
1.4946393754914165
1.4946393754914173
1.494639375491423
1.4946393754914276
1.572358013702507
1.5723580137025106
1.5723580137025142
1.5723580137025206
1.5723580137025301
1.5723580137025321
1.990282309826701
1.9902823098267015
1.9902823098267028
1.9902823098267066
1.9902823098267206
1.9902823098267222
