E
-15.306253909966255
-14.616293044761642
-14.616293044761534
-14.133018048252072
-14.133018048252053
-14.133018048252042
-13.722080360532694
-13.287108204243427
-13.287108204243331
-13.287108204243319
-12.669804885134617
-12.6698048851346
-12.669804885134592
-12.66980488513458
-12.669804885134536
-12.669804885134532
-12.567444220931844
-12.56744422093179
-11.875096106438201
-11.875096106438198
-11.87509610643815
-11.875096106438132
-11.875096106438118
-11.87509610643811
-11.621995381884744
1.7091364574331624
1.7091364574331702
1.7091364574331727
1.9654756301613412
1.97731734674939
1.9773173467493983
1.9773173467493983
1.9773173467493983
1.977317346749409
1.977317346749416
2.0264808092621047
2.026480809262111
2.0711656857665375
2.071165685766557
2.0711656857665606
2.0711656857665615
2.071165685766564
2.0711656857665677
2.1439403711497746
2.640175538963364
2.640175538963372
2.640175538963381
2.6401755389633994
2.6401755389634074
2.640175538963408
