E
-77.74404629351699
-77.53949415054942
-77.53949415054939
-77.33177807247993
-77.33177807247958
-77.33177807247907
-77.32519127066303
-77.3251912706627
-77.32519127066135
-77.12190810633162
-77.12190810633123
-76.92861645168728
-60.50107985249119
-60.48464322575762
-60.48464322575743
-60.457756406920595
-60.45775640692056
-60.43265008897325
-59.880056079945014
-59.88005607994479
-59.88005607994471
-59.88005607994466
-59.88005607994449
-59.88005607994443
-59.87631074090876
-7.212840141338006e-15
-6.297041515573539e-15
-6.19622789206603e-15
-5.9074630662460076e-15
-3.967262627087283e-15
-1.055191730672779e-15
1.2280891697981985e-15
1.449219925336246e-15
1.457612188908807e-15
6.637799109959335e-15
7.584291721616888e-15
1.1626737572063228e-14
1.3431497665788604e-14
1.446846627391122e-14
1.6648835457601865e-14
2.140847722885702e-14
2.5256815113018105e-14
2.807903843536202e-14
3.5041503511232545e-14
3.589556160457139e-14
3.63132857946515e-14
3.68524886388488e-14
4.0323154535738796e-14
4.101154134184193e-14
4.48301389764472e-14
