E
-32.29305849589528
-31.82712781404589
-31.82712781404551
-31.341834865937734
-31.34183486593762
-31.341834865937464
-31.24237099986554
-31.242370999865475
-31.242370999865397
-30.781452798269985
-30.781452798269676
-30.506932270365915
-25.49991846323206
-25.389328578654787
-25.38932857865457
-25.32469878222063
-25.32469878222023
-25.193215042907703
-25.19321504290755
-25.19321504290752
-25.19321504290744
-25.193215042907312
-25.19321504290699
-25.13484222630269
-25.13484222630264
-2.5364831776738925e-15
-2.523878362155798e-16
3.660183672015975e-16
3.782001526783801e-15
3.882216913795982e-15
4.7541381102596346e-15
5.271743387127961e-15
5.386337156465431e-15
5.407173259416604e-15
5.810868710988093e-15
6.4294762210041635e-15
7.416821097646493e-15
7.689653840003909e-15
7.862513658053422e-15
7.911646305848935e-15
8.456610335803837e-15
8.599089845838676e-15
8.908112115033497e-15
8.945213969442434e-15
1.0514587202398495e-14
1.7637823773936668e-14
2.3962469954830478e-14
2.497774015670414e-14
2.5924847688644107e-14
2.924342138713407e-14
