E
-57.03112670338082
-56.75423433734527
-56.75423433734516
-56.47016351046158
-56.47016351046138
-56.470163510461056
-56.45320254918057
-56.45320254918041
-56.45320254918027
-56.17900157608116
-56.17900157607962
-55.931548534515656
-44.72940445336371
-44.6977947776665
-44.697794777665955
-44.65293821502911
-44.65293821502777
-44.59903430210111
-44.185545928698104
-44.185545928697884
-44.18554592869781
-44.18554592869768
-44.18554592869766
-44.18554592869765
-44.1758099968417
1.439046668285753e-15
2.566014975322447e-15
3.1518771966502646e-15
5.88067955389018e-15
6.6329319132704516e-15
6.845340982742617e-15
7.0838475895297905e-15
7.642175428990827e-15
8.49374114113622e-15
9.725112575517837e-15
1.0493696692365122e-14
1.179037533878438e-14
1.293160061209726e-14
1.4198532962662039e-14
1.5331826591809442e-14
1.590409762056434e-14
1.9009570316889614e-14
2.0807766880190134e-14
2.0953190020280492e-14
2.1763853362088705e-14
2.2502448258255866e-14
2.276045349501069e-14
4.464049222383927e-14
4.942124346757323e-14
5.012530587421372e-14
