E
-4.048668064407953
-4.048668064407933
-4.048668064407928
-4.048668064407919
-4.048668064407914
-4.048668064407873
-3.743869067686079
-3.70078985533036
-3.599444247062314
-3.5994442470622765
-3.3730377632688673
-3.3730377632688535
-3.3730377632688344
-3.141852846762145
-3.141852846762143
-3.141852846762138
-3.1418528467621307
-3.1418528467621267
-3.1418528467621134
-3.0156696568771015
-3.0156696568770838
-3.0156696568770784
-3.0156696568770744
-3.015669656877074
-3.015669656877065
9.917734875763585
10.04813525286639
10.04813525286654
10.077742982255737
10.077742982255742
10.077742982255746
10.077742982255781
10.077742982255787
10.07774298225584
10.765927696467115
10.765927696467138
10.765927696467218
10.991044692570284
10.991044692570291
10.991044692570291
10.991044692570323
10.991044692570366
10.991044692570537
11.685384832958478
11.917689785922924
11.917689785923033
11.917689785923043
12.2959209825385
12.29592098253852
12.981976266214774
