E
-79.1640405288604
-78.96310597157851
-78.96310597157725
-78.75916169823049
-78.75916169822969
-78.75916169822877
-78.75292735276282
-78.75292735276246
-78.75292735276068
-78.55320320308307
-78.55320320308152
-78.36292072328288
-61.577723749595215
-61.56189742056671
-61.56189742056639
-61.53585850588034
-61.535858505879744
-61.51182912748628
-60.95292948053865
-60.95292948053859
-60.95292948053828
-60.95292948053825
-60.952929480538224
-60.95292948053785
-60.94938614394079
-1.2573926593630406e-14
-8.021754581381082e-15
-6.6260305569550884e-15
-3.86195203311943e-15
-3.337799923162871e-15
-2.4974667022428165e-15
-1.9896374368834226e-15
-3.5212593004582163e-16
4.4829582023728645e-15
5.423780877043307e-15
5.925541496353684e-15
7.479286035557548e-15
9.607119856824914e-15
9.711553236062896e-15
1.1574296492042046e-14
1.4512039043508293e-14
1.534441105359134e-14
2.76566698173527e-14
3.4238031797989814e-14
3.549128728754906e-14
3.603888954746371e-14
3.693335531531897e-14
4.183041260376155e-14
4.3121398280707404e-14
5.399450912788828e-14
