E
-26.196929055001142
-25.64961669921559
-25.649616699215418
-25.09093960039497
-25.090939600394556
-25.090939600394414
-24.89903591943928
-24.899035919439246
-24.89903591943912
-24.353011706577238
-24.353011706577135
-24.207832960685604
-20.58901606346935
-20.531722708471374
-20.53172270847114
-20.53172270847109
-20.531722708471037
-20.53172270847102
-20.531722708470927
-20.423321043682336
-20.42332104368223
-20.423321043682208
-20.42332104368211
-20.423321043682005
-20.423321043681877
-8.427689194383867e-15
-7.556353471360583e-15
-5.0100703517721055e-15
-4.941883604952405e-15
-4.283285032182596e-15
-2.8395787058289758e-15
-2.4918363744464127e-15
-2.2493992372918014e-15
-1.7568537143686626e-15
-1.7431221362339816e-15
-1.730535083488796e-15
-4.658449902765987e-17
2.825648924380533e-15
3.3992866167489925e-15
3.790557904530503e-15
6.1940022097003824e-15
7.771497219518134e-15
9.121069430848742e-15
9.508211502454568e-15
9.783492522043055e-15
9.958080052477977e-15
1.2519586062228867e-14
1.4101460761350696e-14
1.4603936966577686e-14
1.479246438942246e-14
