E
-67.35643908622774
-67.12093817947014
-67.12093817947002
-66.88076915523179
-66.88076915523163
-66.8807691552304
-66.87057551863757
-66.87057551863728
-66.87057551863587
-66.63689941990023
-66.63689941989938
-66.41892036595236
-52.60997648605677
-52.587764483498475
-52.587764483497985
-52.55334973096605
-52.55334973096438
-52.51770437923279
-52.02151155200783
-52.02151155200763
-52.021511552007546
-52.02151155200733
-52.02151155200731
-52.021511552007055
-52.01569230051747
-3.2458477933977033e-15
-2.6977905620736636e-15
4.088702222144546e-15
4.683538154293708e-15
5.803678845852339e-15
5.8870316252153735e-15
6.712842024823572e-15
8.577739096120593e-15
9.02982907676511e-15
1.097329941071267e-14
1.1164796416906294e-14
1.1431212465007864e-14
1.648957086783041e-14
2.196568619700688e-14
2.3735817244801945e-14
2.847273932634156e-14
2.954650249753317e-14
3.567086940763184e-14
3.822246599423677e-14
3.8723187596557075e-14
4.8617487923250646e-14
5.396493783870795e-14
6.434554322479876e-14
6.675699030371344e-14
6.993575367870425e-14
