E
-33.18042389458523
-32.72491553361887
-32.72491553361862
-32.250195084452784
-32.250195084452365
-32.25019508445204
-32.158863644098226
-32.15886364409819
-32.15886364409814
-31.708507228376163
-31.70850722837594
-31.427168526558226
-26.205958707049604
-26.102016819527414
-26.10201681952709
-26.035321665331438
-26.035321665331324
-25.88372448044781
-25.88372448044756
-25.883724480447544
-25.883724480447466
-25.883724480447317
-25.883724480447004
-25.83017130788808
-25.83017130788796
-8.924606415970729e-15
-7.63303476411492e-15
-7.105721107517391e-15
-6.443728064077234e-15
-5.424019982055306e-15
-5.111668846724098e-15
-3.588295138733655e-15
-2.893859531758907e-15
-2.0433932546851542e-15
-1.959052093633591e-15
-1.5476284174545018e-15
-2.1739769725854995e-16
9.89360761727364e-17
1.7894629767751444e-16
2.506326002358987e-16
1.1016840452294925e-15
1.9702561017153273e-15
1.9929290982416614e-15
3.864665270586073e-15
7.123909883473107e-15
1.310977168513296e-14
1.936587162589317e-14
1.9774394108793077e-14
2.274061108420898e-14
6.039966424010192e-14
