0.00  1.000000  0.000000 -0.000000  4.235897
0.05  0.977013  0.000000  0.002907  2.909867
0.10  0.910558  0.000000  0.011712  2.219069
0.15  0.807787  0.000000  0.026682  1.817524
0.20  0.679465  0.000005  0.048306  1.535353
0.25  0.538438  0.000026  0.077385  1.319334
0.30  0.397856  0.000105  0.115208  1.145781
0.35  0.269438  0.000330  0.163927  1.002081
0.40  0.162050  0.000871  0.227481  0.880732
0.45  0.080807  0.001998  0.314461  0.776921
0.50  0.026816  0.004090  0.452346  0.687396
0.55 -0.002451  0.007605  0.751396  0.609872
0.60 -0.012245  0.013015  0.550330  0.542706
0.65 -0.009299  0.020700  0.584735  0.484700
0.70 -0.000487  0.030811  0.953531  0.434984
0.75  0.008374  0.043129  0.597830  0.392945
0.80  0.013376  0.056955  0.539283  0.358187
0.85  0.012920  0.071066  0.543627  0.330518
0.90  0.007608  0.083771  0.609813  0.309959
0.95 -0.000269  0.093072  1.027677  0.296798
1.00 -0.007548  0.096941  0.610811  0.291707
1.05 -0.011095  0.093672  0.562653  0.295994
1.10 -0.008626  0.082249  0.594120  0.312251
1.15  0.000729  0.062663  0.902982  0.346248
1.20  0.016200  0.036115  0.515340  0.415131
1.25  0.035526  0.005019  0.417187  0.661815
1.30  0.055412 -0.027203  0.361621  0.450555
1.35  0.072192 -0.056544  0.328553  0.359091
1.40  0.082548 -0.079003  0.311797  0.317284
1.45  0.084119 -0.091245  0.309440  0.299276
1.50  0.075913 -0.091233  0.322271  0.299293
1.55  0.058415 -0.078693  0.355022  0.317776
1.60  0.033414 -0.055326  0.424846  0.361815
1.65  0.003588 -0.024684  0.703761  0.462700
1.70 -0.028050  0.008282  0.446719  0.599204
1.75 -0.058719  0.037965  0.354374  0.408886
1.80 -0.086327  0.059007  0.306202  0.353762
1.85 -0.109739  0.067229  0.276206  0.337456
1.90 -0.128805  0.060406  0.256182  0.350833
1.95 -0.144151  0.038743  0.242112  0.406350
2.00 -0.156815  0.004944  0.231586  0.663709
2.05 -0.167794 -0.036168  0.223127  0.414947
2.10 -0.177641 -0.078420  0.215999  0.318210
2.15 -0.186180 -0.115346  0.210130  0.269978
2.20 -0.192437 -0.141337  0.205998  0.244576
2.25 -0.194787 -0.152690  0.204481  0.234918
2.30 -0.191296 -0.148343  0.206742  0.238529
2.35 -0.180200 -0.130169  0.214211  0.254865
2.40 -0.160410 -0.102748  0.228753  0.284435
2.45 -0.131938 -0.072627  0.253178  0.327802
2.50 -0.096164 -0.047217  0.292713  0.381625
2.55 -0.055858 -0.033475  0.360617  0.424619
2.60 -0.014961 -0.036639  0.525285  0.413330
2.65  0.021865 -0.059220  0.477857  0.353312
2.70  0.049847 -0.100452  0.374849  0.287260
2.75  0.064765 -0.156302  0.342124  0.231995
2.80  0.063579 -0.220049  0.344434  0.189238
2.85  0.044913 -0.283332  0.387880  0.157642
2.90  0.009314 -0.337502  0.584534  0.135773
2.95 -0.040737 -0.375013  0.400077  0.122599
3.00 -0.101080 -0.390639  0.286480  0.117496
3.05 -0.166348 -0.382283  0.224209  0.120199
3.10 -0.230590 -0.351244  0.183389  0.130784
3.15 -0.287966 -0.301916  0.155614  0.149701
3.20 -0.333411 -0.240963  0.137297  0.177889
3.25 -0.363200 -0.176148  0.126600  0.217054
3.30 -0.375343 -0.115021  0.122489  0.270330
3.35 -0.369764 -0.063711  0.124361  0.344176
3.40 -0.348267 -0.026027  0.131848  0.456079
3.45 -0.314277 -0.003030  0.144685  0.724903
3.50 -0.272417  0.006886  0.162553  0.622290
3.55 -0.227950  0.007429  0.184828  0.612792
3.60 -0.186165  0.003507  0.210140  0.706621
3.65 -0.151756  0.000161  0.235685  1.091668
3.70 -0.128287  0.001566  0.256686  0.807403
3.75 -0.117777  0.010277  0.267371  0.572227
3.80 -0.120476  0.026865  0.264538  0.452117
3.85 -0.134850  0.049983  0.250449  0.374510
3.90 -0.157786  0.076839  0.230814  0.320755
3.95 -0.185002  0.103946  0.210923  0.282986
4.00 -0.211621  0.127975  0.194120  0.256990
4.05 -0.232828  0.146542  0.182182  0.240055
4.10 -0.244544  0.158732  0.176045  0.230067
4.15 -0.244005  0.165279  0.176321  0.225015
4.20 -0.230168  0.168348  0.183618  0.222715
4.25 -0.203877  0.170984  0.198780  0.220773
4.30 -0.167757  0.176346  0.223154  0.216914
4.35 -0.125830  0.186889  0.259103  0.209655
4.40 -0.082916  0.203690  0.311241  0.198895
4.45 -0.043904  0.226051  0.390719  0.185874
4.50 -0.013000  0.251488  0.542852  0.172545
4.55  0.006917  0.276108  0.621717  0.160871
4.60  0.014728  0.295323  0.527252  0.152461
4.65  0.011214  0.304751  0.561321  0.148533
4.70 -0.001114  0.301133  0.849925  0.150026
4.75 -0.018488  0.283083  0.498829  0.157752
4.80 -0.036551  0.251516  0.413630  0.172531
4.85 -0.051131  0.209649  0.371671  0.195290
4.90 -0.058957  0.162581  0.353868  0.227072
4.95 -0.058204  0.116499  0.355475  0.268734
5.00 -0.048754  0.077657  0.377620  0.319432
5.05 -0.032135  0.051313  0.429726  0.371227
5.10 -0.011142  0.040805  0.562130  0.399868
5.15  0.010777  0.046946  0.566292  0.382344
5.20  0.030253  0.067833  0.437269  0.336338
5.25  0.044701  0.099120  0.388470  0.288929
5.30  0.052851  0.134694  0.367536  0.250594
5.35  0.055003  0.167651  0.362545  0.223234
5.40  0.052951  0.191397  0.367300  0.206676
5.45  0.049575  0.200684  0.375534  0.200753
5.50  0.048212  0.192430  0.379019  0.206003
5.55  0.051897  0.166177  0.369812  0.224338
5.60  0.062665  0.124132  0.346245  0.260801
5.65  0.081035  0.070805  0.314109  0.330979
5.70  0.105815  0.012297  0.280758  0.549801
5.75  0.134250 -0.044603  0.251006  0.388743
5.80  0.162526 -0.093397  0.227115  0.296362
5.85  0.186500 -0.128754  0.209916  0.256232
5.90  0.202541 -0.147169  0.199602  0.239522
5.95  0.208290 -0.147327  0.196103  0.239388
6.00  0.203191 -0.130121  0.199201  0.254911
6.05  0.188659 -0.098376  0.208477  0.289870
6.10  0.167853 -0.056319  0.223083  0.359590
6.15  0.145076 -0.008912  0.241312  0.590051
6.20  0.124915  0.038859  0.260015  0.405977
6.25  0.111288  0.082621  0.274454  0.311686
6.30  0.106592  0.119117  0.279844  0.265956
6.35  0.111131  0.146501  0.274630  0.240090
6.40  0.122955  0.164426  0.261992  0.225662
6.45  0.138153  0.173921  0.247424  0.218644
6.50  0.151571  0.177099  0.235837  0.216381
6.55  0.157823  0.176753  0.230785  0.216626
6.60  0.152401  0.175890  0.235155  0.217237
6.65  0.132679  0.177265  0.252478  0.216263
6.70  0.098589  0.182975  0.289600  0.212301
6.75  0.052840  0.194137  0.367560  0.204899
6.80  0.000607  0.210712  0.925944  0.194658
6.85 -0.051277  0.231456  0.371315  0.182921
6.90 -0.095472  0.254036  0.293615  0.171285
6.95 -0.125447  0.275278  0.259484  0.161247
7.00 -0.136692  0.291531  0.248753  0.154076
7.05 -0.127622  0.299105  0.257335  0.150870
7.10 -0.099973  0.294747  0.287856  0.152705
7.15 -0.058629  0.276077  0.354566  0.160884
7.20 -0.010876  0.241950  0.565154  0.177378
7.25  0.034775  0.192679  0.419859  0.205841
7.30  0.069995  0.130088  0.332416  0.254943
7.35  0.088040  0.057390  0.303746  0.357235
7.40  0.084873 -0.021111  0.308325  0.482242
7.45  0.059835 -0.100458  0.352022  0.287251
7.50  0.015729 -0.175546  0.519031  0.217482
7.55 -0.041677 -0.241640  0.397225  0.177538
7.60 -0.104651 -0.294836  0.282140  0.152667
7.65 -0.164798 -0.332389  0.225379  0.137681
7.70 -0.214443 -0.352889  0.192464  0.130200
7.75 -0.247841 -0.356260  0.174371  0.129012
7.80 -0.262016 -0.343615  0.167419  0.133529
7.85 -0.257084 -0.316997  0.169794  0.143608
7.90 -0.236027 -0.279081  0.180476  0.159532
7.95 -0.203983 -0.232883  0.198715  0.182152
8.00 -0.167196 -0.181538  0.223574  0.213286
8.05 -0.131824 -0.128168  0.253286  0.256802
8.10 -0.102836 -0.075837  0.284328  0.322397
8.15 -0.083186 -0.027569  0.310835  0.448881
8.20 -0.073402  0.013620  0.326476  0.537031
8.25 -0.071646  0.044744  0.329502  0.388349
8.30 -0.074213  0.062955  0.325102  0.345668
8.35 -0.076347  0.065759  0.321558  0.340219
8.40 -0.073228  0.051355  0.326773  0.371125
8.45 -0.060923  0.019011  0.349769  0.495344
8.50 -0.037147 -0.030562  0.411609  0.436001
8.55 -0.001695 -0.094955  0.797480  0.294295
8.60  0.043505 -0.170008  0.391861  0.221489
8.65  0.094715 -0.250016  0.294610  0.173279
8.70  0.146998 -0.328220  0.239667  0.139259
8.75  0.195002 -0.397543  0.204343  0.115307
8.80  0.233758 -0.451484  0.181684  0.099402
8.85  0.259373 -0.485027  0.168686  0.090444
8.90  0.269496 -0.495425  0.163900  0.087793
8.95  0.263504 -0.482682  0.166711  0.091050
9.00  0.242413 -0.449652  0.177139  0.099910
9.05  0.208556 -0.401684  0.195944  0.114011
9.10  0.165115 -0.345843  0.225139  0.132721
9.15  0.115606 -0.289820  0.269696  0.154812
9.20  0.063410 -0.240708  0.344768  0.178021
9.25  0.011432 -0.203825  0.558919  0.198812
9.30 -0.038084 -0.181831  0.408494  0.213085
9.35 -0.083580 -0.174274  0.310244  0.218391
9.40 -0.124074 -0.177682  0.260860  0.215970
9.45 -0.158977 -0.186205  0.229875  0.210114
9.50 -0.187899 -0.192693  0.208981  0.205832
9.55 -0.210490 -0.190059  0.194790  0.207553
9.60 -0.226362 -0.172657  0.185702  0.219556
9.65 -0.235100 -0.137460  0.180968  0.248053
9.70 -0.236353 -0.084789  0.180303  0.308448
9.75 -0.229973 -0.018468  0.183724  0.498962
9.80 -0.216152  0.054648  0.191471  0.363356
9.85 -0.195536  0.125701  0.204002  0.259231
9.90 -0.169252  0.185254  0.222046  0.210754
9.95 -0.138869  0.224848  0.246778  0.186541
