0.00  1.000000  0.000000 -0.000000  18.368400
0.05  0.995008 -0.004992  0.002502  2.649992
0.10  0.980133 -0.019867  0.010034  1.959347
0.15  0.955671 -0.044329  0.022671  1.558058
0.20  0.922111 -0.077889  0.040545  1.276233
0.25  0.880122 -0.119878  0.063847  1.060642
0.30  0.830544 -0.169456  0.092837  0.887581
0.35  0.774366 -0.225634  0.127855  0.744421
0.40  0.712710 -0.287290  0.169340  0.623631
0.45  0.646806 -0.353194  0.217854  0.520370
0.50  0.577972 -0.422028  0.274115  0.431342
0.55  0.507580 -0.492420  0.339050  0.354212
0.60  0.437038 -0.562962  0.413868  0.287271
0.65  0.367752 -0.632248  0.500173  0.229237
0.70  0.301107 -0.698893  0.600145  0.179129
0.75  0.238433 -0.761567  0.716833  0.136189
0.80  0.180982 -0.819018  0.854679  0.099825
0.85  0.129900 -0.870100  1.020494  0.069574
0.90  0.086209 -0.913791  1.225493  0.045076
0.95  0.050779 -0.949221  1.490139  0.026057
1.00  0.024318 -0.975682  1.858260  0.012310
1.05  0.007356 -0.992644  2.456126  0.003692
1.10  0.000230 -0.999770  4.189040  0.000115
1.15  0.003083 -0.996917  2.890999  0.001544
1.20  0.015857 -0.984143  2.072071  0.007992
1.25  0.038298 -0.961702  1.631175  0.019525
1.30  0.069958 -0.930042  1.329929  0.036263
1.35  0.110205 -0.889795  1.102709  0.058382
1.40  0.158234 -0.841766  0.921841  0.086127
1.45  0.213087 -0.786913  0.773027  0.119819
1.50  0.273669 -0.726331  0.647918  0.159875
1.55  0.338770 -0.661230  0.541217  0.206827
1.60  0.407090 -0.592910  0.449360  0.261357
1.65  0.477266 -0.522734  0.369841  0.324341
1.70  0.547895 -0.452105  0.300836  0.396920
1.75  0.617568 -0.382432  0.240983  0.480602
1.80  0.684894 -0.315106  0.189246  0.577422
1.85  0.748527 -0.251473  0.144824  0.690211
1.90  0.807199 -0.192801  0.107093  0.823048
1.95  0.859737 -0.140263  0.075565  0.982117
2.00  0.905092 -0.094908  0.049859  1.177423
2.05  0.942359 -0.057641  0.029685  1.426756
2.10  0.970793 -0.029207  0.014821  1.766670
2.15  0.989827 -0.010173  0.005113  2.294005
2.20  0.999081 -0.000919  0.000460  3.496008
2.25  0.998370 -0.001630  0.000816  3.209498
2.30  0.987708 -0.012292  0.006184  2.199396
2.35  0.967308 -0.032692  0.016619  1.710313
2.40  0.937578 -0.062422  0.032228  1.386916
2.45  0.899110 -0.100890  0.053175  1.146863
2.50  0.852674 -0.147326  0.079689  0.957554
2.55  0.799196 -0.200804  0.112075  0.802713
2.60  0.739744 -0.260256  0.150726  0.673045
2.65  0.675505 -0.324495  0.196147  0.562743
2.70  0.607762 -0.392238  0.248986  0.467943
2.75  0.537867 -0.462133  0.310072  0.385952
2.80  0.467216 -0.532784  0.380481  0.314820
2.85  0.397220 -0.602780  0.461632  0.253102
2.90  0.329276 -0.670724  0.555429  0.199699
2.95  0.264741 -0.735259  0.664502  0.153766
3.00  0.204903 -0.795097  0.792610  0.114645
3.05  0.150957 -0.849043  0.945380  0.081823
3.10  0.103980 -0.896020  1.131777  0.054896
3.15  0.064911 -0.935089  1.367370  0.033557
3.20  0.034529 -0.965471  1.682981  0.017570
3.25  0.013441 -0.986559  2.154738  0.006766
3.30  0.002067 -0.997933  3.090735  0.001035
3.35  0.000636 -0.999364  3.679968  0.000318
3.40  0.009176 -0.990824  2.345597  0.004609
3.45  0.027515 -0.972485  1.796505  0.013950
3.50  0.055289 -0.944711  1.447591  0.028438
3.55  0.091942 -0.908058  1.193299  0.048223
3.60  0.136742 -0.863258  0.994828  0.073521
3.65  0.188796 -0.811204  0.833544  0.104618
3.70  0.247063 -0.752937  0.699055  0.141887
3.75  0.310381 -0.689619  0.584977  0.185808
3.80  0.377485 -0.622515  0.487113  0.236994
3.85  0.447035 -0.552965  0.402560  0.296230
3.90  0.517642 -0.482358  0.329236  0.364534
3.95  0.587897 -0.412103  0.265602  0.443241
4.00  0.656397 -0.343603  0.210494  0.534135
4.05  0.721775 -0.278225  0.163021  0.639662
4.10  0.782724 -0.217276  0.122487  0.763294
4.15  0.838029 -0.161971  0.088352  0.910167
4.20  0.886583 -0.113417  0.060190  1.088344
4.25  0.927420 -0.072580  0.037675  1.311530
4.30  0.959722 -0.040278  0.020556  1.605970
4.35  0.982845 -0.017155  0.008652  2.032719
4.40  0.996327 -0.003673  0.001840  2.803321
4.45  0.999899 -0.000101  0.000051  4.598704
4.50  0.993489 -0.006511  0.003266  2.517166
4.55  0.977227 -0.022773  0.011518  1.891087
4.60  0.951436 -0.048564  0.024892  1.512433
4.65  0.916631 -0.083369  0.043525  1.242238
4.70  0.873507 -0.126493  0.067620  1.033785
4.75  0.822926 -0.177074  0.097445  0.865593
4.80  0.765897 -0.234103  0.133354  0.725996
4.85  0.703558 -0.296442  0.175802  0.607953
4.90  0.637156 -0.362844  0.225370  0.506891
4.95  0.568015 -0.431985  0.282804  0.419682
5.00  0.497516 -0.502484  0.349064  0.344095
5.05  0.427066 -0.572934  0.425408  0.278492
5.10  0.358073 -0.641927  0.513509  0.221640
5.15  0.291913 -0.708087  0.615649  0.172594
5.20  0.229909 -0.770091  0.735037  0.130623
5.25  0.173297 -0.826703  0.876375  0.095155
5.30  0.123208 -0.876792  1.046940  0.065743
5.35  0.080643 -0.919357  1.258863  0.042040
5.40  0.046451 -0.953549  1.534683  0.023782
5.45  0.021314 -0.978686  1.924189  0.010772
5.50  0.005736 -0.994264  2.580522  0.002876
5.55  0.000026 -0.999974  5.279232  0.000013
5.60  0.004299 -0.995701  2.724679  0.002154
5.65  0.018470 -0.981530  1.995813  0.009321
5.70  0.042255 -0.957745  1.582018  0.021587
5.75  0.075180 -0.924820  1.293937  0.039078
5.80  0.116587 -0.883413  1.074560  0.061981
5.85  0.165649 -0.834351  0.898941  0.090551
5.90  0.221388 -0.778612  0.753920  0.125121
5.95  0.282689 -0.717311  0.631704  0.166123
6.00  0.348330 -0.651670  0.527303  0.214108
6.05  0.416998 -0.583002  0.437337  0.269783
6.10  0.487324 -0.512676  0.359413  0.334056
6.15  0.557903 -0.442097  0.291785  0.408113
6.20  0.627326 -0.372674  0.233144  0.493526
6.25  0.694207 -0.305793  0.182493  0.592424
6.30  0.757210 -0.242790  0.139057  0.707779
6.35  0.815077 -0.184923  0.102236  0.843909
6.40  0.866654 -0.133346  0.071558  1.007403
6.45  0.910909 -0.089091  0.046656  1.209050
6.50  0.946960 -0.053040  0.027249  1.468356
6.55  0.974087 -0.025913  0.013127  1.826502
6.60  0.991748 -0.008252  0.004143  2.398622
6.65  0.999590 -0.000410  0.000205  3.899285
6.70  0.997457 -0.002543  0.001273  2.987139
6.75  0.985391 -0.014609  0.007358  2.113062
6.80  0.963634 -0.036366  0.018522  1.657059
6.85  0.932619 -0.067381  0.034879  1.348699
6.90  0.892967 -0.107033  0.056603  1.117309
6.95  0.845468 -0.154532  0.083932  0.933678
7.00  0.791072 -0.208928  0.117183  0.782882
7.05  0.730863 -0.269137  0.156764  0.656268
7.10  0.666046 -0.333954  0.203199  0.548375
7.15  0.597912 -0.402088  0.257156  0.455543
7.20  0.527824 -0.472176  0.319496  0.375202
7.25  0.457180 -0.542820  0.391339  0.305489
7.30  0.387391 -0.612609  0.474160  0.245015
7.35  0.319851 -0.680149  0.569950  0.192722
7.40  0.255908 -0.744092  0.681469  0.147795
7.45  0.196838 -0.803162  0.812687  0.109599
7.50  0.143821 -0.856179  0.969591  0.077638
7.55  0.097917 -0.902083  1.161820  0.051524
7.60  0.060040 -0.939960  1.406372  0.030959
7.65  0.030948 -0.969052  1.737724  0.015718
7.70  0.011221 -0.988779  2.244970  0.005642
7.75  0.001254 -0.998746  3.340711  0.000627
7.80  0.001245 -0.998755  3.344321  0.000623
7.85  0.011194 -0.988806  2.246169  0.005629
7.90  0.030904 -0.969096  1.738439  0.015696
7.95  0.059979 -0.940021  1.406878  0.030927
8.00  0.097841 -0.902159  1.162207  0.051482
8.05  0.143732 -0.856268  0.969903  0.077586
8.10  0.196736 -0.803264  0.812945  0.109536
8.15  0.255796 -0.744204  0.681687  0.147720
8.20  0.319732 -0.680268  0.570136  0.192634
8.25  0.387267 -0.612733  0.474320  0.244913
8.30  0.457053 -0.542947  0.391478  0.305372
8.35  0.527697 -0.472303  0.319617  0.375067
8.40  0.597787 -0.402213  0.257260  0.455387
8.45  0.665925 -0.334075  0.203289  0.548195
8.50  0.730750 -0.269250  0.156842  0.656058
8.55  0.790968 -0.209032  0.117249  0.782634
8.60  0.845376 -0.154624  0.083987  0.933379
8.65  0.892888 -0.107112  0.056647  1.116940
8.70  0.932555 -0.067445  0.034913  1.348224
8.75  0.963586 -0.036414  0.018547  1.656401
8.80  0.985360 -0.014640  0.007374  2.112014
8.85  0.997444 -0.002556  0.001280  2.984614
8.90  0.999595 -0.000405  0.000203  3.905607
8.95  0.991771 -0.008229  0.004132  2.400023
9.00  0.974127 -0.025873  0.013107  1.827285
9.05  0.947017 -0.052983  0.027219  1.468896
9.10  0.910982 -0.089018  0.046616  1.209458
9.15  0.866741 -0.133259  0.071508  1.007729
9.20  0.815177 -0.184823  0.102175  0.844177
9.25  0.757320 -0.242680  0.138985  0.708005
9.30  0.694325 -0.305675  0.182408  0.592616
9.35  0.627450 -0.372550  0.233046  0.493692
9.40  0.558030 -0.441970  0.291671  0.408257
9.45  0.487452 -0.512548  0.359282  0.334180
9.50  0.417124 -0.582876  0.437186  0.269891
9.55  0.348451 -0.651549  0.527129  0.214201
9.60  0.282804 -0.717196  0.631500  0.166203
9.65  0.221494 -0.778506  0.753680  0.125189
9.70  0.165744 -0.834256  0.898655  0.090608
9.75  0.116669 -0.883331  1.074209  0.062027
9.80  0.075247 -0.924753  1.293490  0.039114
9.85  0.042306 -0.957694  1.581411  0.021614
9.90  0.018504 -0.981496  1.994883  0.009339
9.95  0.004316 -0.995684  2.722738  0.002163
